"...1","call","race","education","yearsexp","computerskills"
4216,0,"w",4,5,1
2878,0,"b",4,7,1
4132,0,"b",3,13,1
958,0,"b",4,6,1
3580,1,"w",4,8,1
845,0,"b",4,6,1
3984,0,"b",4,4,1
2819,0,"b",1,5,1
2079,0,"w",4,18,1
350,0,"b",3,3,1
4002,0,"b",3,6,0
4092,0,"w",4,6,1
4044,0,"w",2,5,1
905,0,"w",4,12,1
4382,0,"b",4,6,1
4604,1,"b",4,26,0
3300,1,"w",4,5,1
4509,0,"w",3,2,1
3871,0,"b",4,8,1
949,0,"b",0,2,1
4079,0,"b",4,7,1
2297,0,"b",4,8,0
3001,0,"w",4,26,0
1386,0,"w",4,2,1
4720,0,"w",4,3,0
3197,0,"w",4,10,1
474,0,"b",4,19,1
4030,0,"b",4,4,0
2219,0,"b",4,9,1
1276,0,"b",4,14,1
3567,0,"w",4,2,1
1803,0,"w",4,5,0
1793,0,"w",4,5,1
2915,0,"w",0,4,1
3525,0,"w",4,8,0
1002,0,"w",4,18,1
364,0,"w",4,2,1
525,0,"w",4,7,1
1938,1,"b",4,6,0
3916,0,"b",4,12,1
2349,0,"b",4,26,0
225,0,"b",4,5,1
3600,1,"w",4,8,1
2970,0,"b",4,2,1
4418,0,"b",4,4,1
259,0,"w",4,12,1
1507,0,"w",4,12,1
2438,0,"w",4,2,1
3219,0,"w",4,2,1
2351,0,"w",4,8,1
1528,0,"b",4,6,1
2032,0,"b",3,21,1
4504,0,"w",4,4,1
286,0,"b",4,6,0
4739,0,"b",3,6,1
2673,0,"w",3,26,1
460,0,"b",4,9,1
4558,0,"b",3,4,1
681,0,"w",3,21,1
560,0,"b",4,2,1
2851,0,"b",4,3,1
1653,0,"w",3,8,1
358,0,"w",4,8,1
3302,0,"b",3,5,1
3780,0,"w",3,2,1
1612,0,"w",3,21,1
1587,0,"w",3,5,1
4716,0,"w",4,14,1
3745,0,"w",2,5,0
3787,0,"w",4,11,1
3325,0,"b",4,4,1
1045,0,"w",3,4,1
429,0,"w",4,2,1
1795,0,"w",4,6,0
4633,0,"b",3,26,1
1821,0,"b",4,5,0
54,0,"b",4,19,1
3249,1,"w",4,26,0
1224,0,"w",4,6,1
391,0,"w",3,2,1
3239,0,"b",4,7,0
2986,0,"w",4,3,1
3165,0,"b",4,2,1
2479,0,"w",4,11,1
1749,0,"w",2,10,1
4239,0,"w",4,4,1
2180,0,"w",4,8,1
1589,0,"w",3,3,1
4587,0,"w",4,7,0
4075,0,"w",4,14,1
2745,1,"w",3,16,1
1321,0,"w",4,7,1
4657,0,"w",4,5,1
865,0,"w",4,9,1
1015,0,"b",4,7,0
2155,0,"w",4,7,0
4467,0,"w",4,7,1
654,0,"b",4,11,1
2089,0,"w",3,13,1
1325,0,"b",3,13,1
966,0,"w",4,7,1
1411,1,"w",2,16,1
4462,0,"b",4,21,1
4156,0,"b",4,2,1
2893,0,"w",4,7,1
4040,0,"b",3,8,1
3243,0,"w",4,6,1
3728,0,"w",4,5,1
1057,0,"b",4,7,1
1967,0,"b",3,6,1
2050,0,"b",4,5,1
2407,0,"b",4,6,1
2085,0,"w",4,5,1
3480,0,"b",4,13,0
2395,0,"b",4,8,1
3281,0,"w",4,4,0
3814,0,"w",4,18,1
3513,0,"b",1,10,0
435,0,"b",4,7,0
418,0,"w",3,5,0
2843,0,"b",4,5,0
3721,0,"b",4,2,1
3298,0,"b",4,8,1
2065,0,"w",4,6,1
3819,0,"b",4,2,1
2465,0,"w",3,26,1
3364,0,"b",4,3,1
1857,0,"b",4,5,0
3669,0,"w",4,2,0
1353,0,"b",4,6,0
1865,0,"w",3,6,1
1491,0,"w",4,4,1
4393,0,"w",4,18,1
3549,0,"w",4,2,1
277,0,"w",4,8,1
4811,0,"w",4,2,1
487,0,"w",4,5,1
4834,0,"b",4,14,1
2290,0,"b",4,2,1
3188,0,"w",4,8,1
2692,0,"w",3,1,1
1966,0,"b",4,5,1
3536,0,"b",4,26,0
3584,0,"w",4,2,1
2094,1,"b",3,16,1
297,0,"w",4,7,1
1233,0,"w",4,2,1
1692,0,"w",4,11,1
4821,0,"b",4,2,1
1952,1,"b",4,8,1
1448,1,"b",4,13,0
1939,0,"w",3,5,1
1185,0,"w",3,1,1
4321,0,"b",3,4,1
4569,0,"b",4,18,1
159,0,"b",4,7,1
3153,0,"b",4,8,1
1588,0,"b",2,6,1
1175,0,"b",4,7,0
82,0,"w",4,4,1
4596,0,"w",4,26,0
1544,0,"b",4,8,1
4262,0,"b",4,6,1
1922,0,"b",3,5,1
4254,0,"w",4,6,1
4377,0,"b",4,2,1
1601,0,"b",4,5,1
175,0,"w",4,18,1
3395,0,"b",4,2,1
2323,0,"b",3,4,1
4250,0,"b",2,5,0
732,0,"w",4,8,1
4181,0,"w",3,10,1
3358,0,"w",4,4,0
648,0,"b",4,7,1
1425,0,"w",4,5,1
2486,0,"b",3,16,1
1872,0,"b",4,7,1
1538,0,"w",4,7,0
2809,0,"b",3,13,1
8,0,"b",3,21,1
4150,0,"w",4,8,1
1830,0,"b",3,2,1
145,0,"b",2,6,0
3305,0,"b",4,4,1
751,0,"b",4,4,1
1373,0,"w",3,12,1
1138,0,"w",4,2,1
699,0,"w",4,8,1
1917,0,"w",4,6,1
3899,0,"b",4,8,1
2260,0,"w",4,2,1
4738,1,"b",4,7,1
1447,1,"w",4,20,0
1764,0,"w",4,5,0
2204,1,"w",2,16,1
948,0,"w",4,6,1
1230,0,"b",4,6,1
4459,0,"w",4,5,0
2038,0,"b",3,17,1
2063,0,"w",4,8,0
3842,0,"b",4,8,1
4015,0,"w",4,6,1
3784,0,"w",4,6,0
2222,1,"w",3,26,1
86,1,"w",2,7,1
1886,0,"w",4,4,1
2947,0,"w",4,10,1
2212,0,"w",3,5,0
1914,0,"w",4,8,1
3093,0,"w",3,13,1
4643,0,"w",2,2,0
720,0,"b",4,7,0
2761,1,"b",4,10,1
70,0,"w",4,5,1
3157,1,"w",4,4,1
2347,0,"w",4,8,0
1838,0,"w",3,5,1
3823,0,"b",4,8,0
1278,0,"b",4,5,1
3454,0,"b",4,8,1
3879,0,"w",4,7,0
2443,0,"b",4,7,0
4856,0,"w",4,7,0
4291,0,"b",4,4,1
1182,0,"b",4,12,1
3154,0,"b",4,8,1
1302,0,"w",3,5,0
807,1,"w",4,10,1
376,0,"b",4,8,1
3812,0,"w",4,7,0
424,0,"b",4,2,1
2058,0,"b",4,9,1
167,0,"b",4,10,0
894,0,"w",4,11,1
1763,0,"w",4,5,1
4530,0,"b",4,6,1
2433,0,"w",4,8,1
185,0,"b",4,8,1
2068,0,"b",4,8,1
2735,0,"b",3,26,1
3225,0,"w",4,8,1
3215,0,"w",4,2,1
4564,0,"w",4,8,1
1563,0,"b",3,4,1
3840,0,"w",4,8,1
1092,0,"b",4,5,1
4510,0,"b",3,5,1
3562,0,"b",4,8,1
4764,0,"b",4,5,1
1496,0,"b",4,2,1
3085,0,"b",4,5,1
3396,1,"b",0,4,1
2236,0,"b",4,26,0
134,0,"b",4,10,1
2945,0,"w",2,6,1
1829,0,"w",3,4,1
4528,0,"b",4,5,1
1722,0,"b",4,7,0
2722,0,"b",4,6,1
3372,0,"b",4,5,1
2230,0,"b",3,13,1
528,0,"w",4,5,1
237,0,"b",3,9,1
341,0,"w",3,4,1
2381,1,"w",3,5,0
2790,0,"w",3,13,1
932,0,"w",4,8,1
4102,0,"b",4,8,1
1958,0,"w",3,9,1
848,0,"b",4,8,1
4801,0,"b",4,8,1
352,0,"w",4,6,1
4550,0,"b",4,7,1
3244,0,"b",4,7,0
1219,0,"b",3,7,1
426,0,"w",4,14,1
3022,0,"b",3,7,1
2588,0,"w",4,8,1
108,1,"b",4,6,0
2977,0,"b",4,18,1
1351,0,"w",4,6,1
2931,0,"w",3,12,1
2452,0,"b",4,10,1
3346,0,"b",4,6,1
3982,0,"b",4,7,1
2460,0,"w",4,6,1
4185,0,"w",4,4,1
2405,0,"b",4,7,0
4426,0,"b",2,4,1
4792,0,"w",2,5,0
437,0,"w",4,7,0
797,0,"w",4,3,1
4709,0,"b",2,6,1
4190,0,"b",4,8,1
272,1,"b",4,6,1
4783,1,"w",3,18,1
1082,0,"w",3,9,1
820,0,"b",3,16,1
1370,0,"b",4,4,1
1805,0,"b",4,44,1
3950,0,"b",4,4,1
3703,0,"b",4,6,0
2988,0,"w",4,11,1
1294,0,"w",4,5,1
2018,0,"b",4,6,1
4354,0,"w",4,8,1
186,0,"b",4,10,1
3730,0,"b",4,6,0
4255,0,"b",4,6,1
4170,0,"w",4,6,1
3666,0,"b",4,11,1
1056,0,"b",4,15,1
3626,1,"b",4,7,0
3512,0,"w",4,18,1
3487,0,"b",4,2,1
1190,0,"w",4,4,1
2116,0,"b",3,8,1
980,0,"b",4,5,1
2690,0,"b",4,11,1
3887,0,"b",4,8,1
3922,0,"b",2,6,1
3357,0,"b",3,5,1
3304,0,"w",4,5,0
4808,0,"b",4,6,1
3486,0,"b",4,8,1
2598,0,"w",4,2,1
2829,0,"b",0,4,1
661,0,"w",4,6,1
3907,0,"w",4,6,1
3958,0,"w",3,9,1
2112,0,"b",4,14,1
1630,0,"b",4,6,1
2053,0,"w",4,4,1
2289,0,"b",4,6,1
3470,0,"b",4,14,1
3112,0,"w",4,8,1
1282,0,"b",4,14,1
1031,0,"w",4,8,1
4197,0,"b",3,8,1
2284,0,"b",4,6,1
290,0,"w",4,12,1
1997,0,"b",4,5,1
3476,0,"b",4,2,1
3508,0,"w",4,7,0
3972,0,"w",4,6,0
24,0,"w",4,7,1
2594,0,"b",4,7,0
2508,0,"b",4,4,1
3631,1,"w",4,4,1
4060,0,"w",3,8,1
3671,0,"b",3,7,1
4098,0,"b",4,14,1
1406,0,"b",4,18,1
3059,0,"b",4,2,1
3935,0,"b",4,12,1
3227,0,"w",4,8,0
2976,0,"b",4,26,0
2579,0,"b",4,8,0
3232,0,"b",4,6,1
3863,0,"w",4,10,1
1221,0,"w",4,7,1
4055,0,"b",4,2,1
4673,0,"b",4,6,1
4270,0,"b",4,6,1
3146,0,"b",4,14,1
670,0,"b",4,4,1
1699,0,"b",3,13,1
3992,0,"b",4,4,0
1901,0,"w",4,2,1
3577,0,"b",4,6,1
4230,0,"w",4,5,0
210,0,"w",2,6,1
140,0,"w",3,4,1
2421,0,"b",4,5,1
550,0,"w",4,6,1
2676,0,"b",4,9,1
4168,0,"b",4,7,0
2696,1,"b",4,6,0
822,0,"w",2,3,1
901,0,"w",4,21,1
2927,0,"b",3,8,1
2542,1,"b",3,26,1
2404,0,"w",3,4,1
4010,0,"w",4,5,1
976,0,"b",3,16,1
1683,0,"w",3,5,0
4602,0,"w",4,8,0
1459,0,"b",4,5,1
3170,0,"w",4,6,1
4054,0,"b",4,4,1
4009,0,"b",4,6,0
1183,0,"b",3,7,1
2102,0,"w",3,4,1
4567,0,"w",4,8,1
1741,1,"w",4,5,1
3317,0,"w",4,25,1
764,0,"b",4,12,1
3834,0,"b",4,14,1
2954,0,"w",4,8,1
304,0,"b",4,4,1
2734,0,"w",3,7,1
2434,0,"w",4,7,0
1606,0,"b",3,3,1
3036,0,"b",3,13,1
3086,0,"b",3,13,1
1739,0,"w",4,11,1
4862,1,"w",4,7,0
3817,0,"b",4,8,1
776,0,"b",4,5,1
3533,0,"b",4,6,1
1460,0,"b",3,7,1
2285,0,"b",4,10,1
3202,0,"b",4,2,1
2423,0,"w",4,5,1
1520,1,"w",4,21,1
4173,0,"w",4,14,1
4678,1,"b",4,7,1
1201,0,"w",3,4,1
2375,0,"w",4,7,0
2527,0,"b",4,8,1
430,0,"b",4,8,1
302,0,"w",3,3,1
4328,0,"b",2,1,0
4153,0,"w",3,13,1
4522,0,"w",4,12,1
1774,0,"w",4,6,1
2823,0,"b",4,6,1
2614,1,"b",4,13,1
2684,0,"w",4,7,0
4447,0,"b",4,11,1
3530,0,"b",4,8,1
3449,0,"w",4,8,1
1290,0,"b",3,2,1
1148,0,"b",4,8,1
2623,0,"b",3,1,1
3037,0,"b",4,9,1
909,0,"b",4,13,1
665,0,"w",4,3,1
3764,0,"b",4,5,1
624,0,"b",4,6,1
675,0,"w",3,3,1
1852,0,"b",2,5,0
2577,0,"b",4,8,1
3574,0,"w",4,6,1
2321,0,"b",4,11,1
3915,0,"w",4,4,1
3779,0,"b",4,7,1
2447,0,"w",4,2,1
141,0,"w",2,6,1
2557,1,"w",4,13,1
4719,0,"b",4,3,1
2887,0,"b",4,3,1
1421,0,"b",3,13,1
3805,0,"w",3,11,1
4751,0,"w",4,12,1
3954,1,"b",4,11,1
2992,0,"b",4,6,1
1088,0,"b",3,6,1
247,0,"w",3,9,1
3026,0,"b",4,14,1
990,0,"w",4,15,1
627,0,"w",4,5,1
546,0,"w",4,8,1
3315,0,"b",4,4,1
2702,0,"b",4,6,1
2379,1,"b",3,13,1
1257,0,"w",4,6,1
1403,0,"w",4,8,1
2862,0,"w",4,6,1
4064,0,"w",4,2,1
3976,0,"w",3,4,1
1169,0,"w",3,16,1
3356,0,"b",1,4,1
1241,0,"w",4,21,1
2917,0,"w",3,8,1
1632,0,"b",4,5,0
74,0,"w",4,5,0
2372,0,"b",2,16,1
3483,0,"b",4,7,0
2042,0,"w",4,2,1
2781,0,"w",1,4,1
970,0,"w",4,4,1
1806,0,"w",4,7,1
854,0,"w",4,2,1
4660,0,"b",4,3,1
2600,0,"b",4,8,0
4266,0,"b",4,4,1
3566,0,"b",4,6,1
3815,0,"b",4,2,1
3282,0,"w",4,9,1
3082,0,"b",3,13,1
3587,1,"b",4,7,0
4829,0,"b",4,6,1
4385,0,"w",4,7,0
72,0,"b",1,5,1
3314,0,"b",4,6,0
3741,0,"w",4,8,1
1069,0,"b",3,6,1
3429,0,"w",4,7,1
402,0,"b",4,2,1
2299,0,"b",4,2,1
2109,1,"w",4,20,0
2959,0,"b",4,2,1
3927,0,"w",4,6,1
4546,0,"b",4,7,1
564,0,"b",4,8,1
4432,0,"b",4,5,1
89,0,"w",4,2,1
3297,0,"w",3,9,1
3729,0,"w",4,4,1
520,0,"b",3,6,1
3030,0,"b",3,7,1
3965,0,"w",4,7,0
923,0,"w",4,13,1
2783,0,"w",4,5,0
3853,0,"b",4,8,0
3271,0,"b",3,8,1
52,0,"w",4,6,1
664,0,"b",4,8,1
1738,1,"w",4,11,1
3452,0,"b",4,26,0
1627,0,"b",4,9,1
123,0,"w",4,5,0
1025,0,"b",4,2,1
3492,1,"w",4,26,0
4071,1,"w",4,6,0
4612,1,"w",4,9,1
3588,0,"b",4,7,0
4729,1,"b",4,5,1
3596,0,"b",4,7,0
4677,0,"w",4,13,1
3272,0,"w",4,5,1
3131,0,"w",4,7,0
1196,0,"b",4,5,1
359,0,"w",4,8,1
606,0,"w",3,6,1
3497,0,"w",4,6,1
2294,0,"w",4,14,1
4027,0,"b",4,4,1
1960,0,"b",2,7,1
310,0,"b",3,21,1
3253,0,"w",4,6,1
1510,0,"b",4,5,1
3461,0,"w",4,8,1
765,1,"b",4,12,1
832,0,"w",4,7,0
482,0,"b",4,4,1
2272,0,"w",4,2,1
1254,1,"b",4,6,1
3090,0,"w",4,9,1
4689,0,"b",4,5,1
4573,0,"b",4,14,1
2900,0,"b",4,2,1
3929,0,"b",4,4,1
2338,0,"w",4,6,1
1467,0,"b",4,6,1
1620,0,"b",4,7,1
26,0,"b",4,6,1
4841,0,"b",4,7,0
584,0,"w",4,7,0
2962,0,"b",4,18,1
1310,1,"b",4,8,1
1426,0,"b",3,4,1
2935,0,"b",4,12,1
4137,0,"b",4,7,0
150,0,"b",3,8,1
2885,0,"b",4,3,1
4351,0,"b",4,10,1
1595,0,"b",3,9,1
2139,0,"w",4,3,1
1214,1,"b",4,22,1
4228,0,"b",4,5,1
160,0,"b",3,3,0
2686,0,"w",4,13,1
608,0,"b",3,6,1
917,0,"b",4,4,1
523,0,"w",4,2,1
1026,0,"w",4,7,0
3896,0,"b",4,7,0
3676,0,"b",4,4,1
892,0,"w",4,6,1
3347,0,"b",4,6,1
2998,0,"w",4,7,0
1559,1,"b",4,13,1
1399,0,"w",4,2,1
3181,0,"w",4,14,1
763,0,"b",3,13,1
2251,0,"b",4,5,1
4703,0,"b",4,6,1
4046,1,"w",3,16,1
1281,0,"w",3,13,1
3389,0,"b",3,2,1
4381,0,"w",4,2,1
2307,0,"b",4,9,1
2715,0,"b",4,6,1
3010,0,"w",4,8,1
2330,0,"w",2,5,1
850,0,"w",4,7,0
3089,0,"w",3,13,1
3209,0,"w",4,6,1
2916,0,"b",4,4,0
3331,0,"w",4,4,1
3850,0,"b",4,6,1
704,0,"w",2,8,0
1073,0,"w",2,4,1
4554,0,"w",3,9,1
1839,0,"b",3,6,1
107,0,"b",4,6,1
4165,0,"w",4,7,0
4303,0,"w",4,7,1
823,0,"b",3,6,1
3534,0,"w",4,7,0
4824,0,"b",3,7,1
1140,0,"b",4,8,1
3770,0,"b",3,3,1
3722,0,"w",2,4,0
2730,0,"b",4,6,1
3881,0,"w",4,26,0
4730,0,"b",2,5,0
1070,0,"b",4,6,1
771,0,"w",4,7,1
2662,0,"w",3,4,1
3547,0,"w",4,8,0
33,0,"w",3,9,1
401,0,"b",4,7,0
1688,0,"b",3,4,1
3184,0,"b",4,6,1
1434,0,"b",3,5,0
3501,0,"w",4,8,1
2649,0,"b",4,6,1
374,0,"w",4,8,1
678,0,"w",4,4,1
2373,0,"b",4,11,1
3169,1,"b",4,13,1
2857,0,"b",4,5,0
1686,0,"b",4,7,0
2537,0,"w",3,4,1
2766,0,"b",3,6,1
1204,0,"w",2,6,1
3273,0,"w",4,4,1
4203,0,"w",3,12,1
2820,0,"b",4,21,1
718,0,"b",4,8,0
3251,0,"b",4,2,1
2911,0,"b",4,6,0
2166,0,"b",4,6,1
2651,0,"w",4,2,1
3295,0,"b",3,8,1
4376,0,"b",3,26,1
593,1,"w",4,9,1
1771,0,"b",4,5,1
1104,0,"w",4,7,1
2252,0,"b",4,10,1
2019,0,"w",4,7,0
3266,0,"w",3,8,1
368,0,"b",4,8,0
3933,0,"w",4,5,1
4506,0,"b",4,8,1
543,0,"w",4,6,1
4318,0,"w",4,4,1
4374,0,"b",3,7,1
1354,0,"b",3,4,1
353,0,"b",4,8,0
1463,0,"b",4,8,1
2906,1,"b",4,6,1
3890,0,"b",4,6,1
3750,0,"w",4,6,0
4516,0,"b",3,2,1
4804,0,"w",4,7,0
4213,0,"w",4,9,1
2122,0,"w",4,7,1
1155,0,"w",4,6,1
964,0,"b",4,6,1
2884,1,"w",4,4,0
4543,0,"w",3,2,1
4534,0,"b",3,3,1
1329,0,"w",2,11,0
3944,0,"w",4,6,1
4113,0,"b",4,8,1
4162,0,"b",4,8,1
2200,0,"b",3,13,1
2110,0,"b",4,26,0
3796,0,"b",3,3,1
3068,0,"w",3,1,1
4580,0,"b",4,5,1
2141,0,"w",4,6,1
2326,1,"w",4,10,1
1347,0,"w",4,11,1
2777,0,"w",4,11,1
2512,0,"b",4,10,1
4766,0,"b",4,8,1
2572,0,"b",4,7,0
124,0,"w",4,8,1
3444,0,"w",4,8,1
12,0,"w",4,8,1
852,0,"w",4,8,1
3084,0,"w",3,4,1
2504,0,"w",4,4,1
4118,0,"b",3,5,0
3928,0,"w",4,6,1
1769,0,"b",3,9,1
146,0,"w",2,4,0
2198,0,"b",3,4,1
2398,0,"b",3,2,1
1853,0,"w",2,4,0
522,0,"b",4,6,1
2008,0,"b",3,7,1
3137,0,"w",4,2,1
1920,0,"b",4,4,1
4005,0,"b",4,8,1
1819,0,"b",4,7,1
1667,0,"b",4,8,1
812,0,"b",2,3,1
3521,0,"w",4,2,1
1835,0,"b",4,4,0
3410,0,"b",4,4,1
1087,0,"w",4,5,1
1300,0,"b",4,14,1
2470,1,"b",4,9,1
2224,0,"w",4,11,1
4088,0,"w",4,26,0
1477,0,"w",2,4,1
3892,0,"b",4,8,1
3006,0,"b",4,18,1
4360,0,"b",4,8,1
4378,0,"b",4,6,1
3284,0,"b",4,12,1
1319,0,"w",4,4,1
2205,1,"w",3,16,1
1850,0,"b",2,5,1
3088,0,"b",4,8,1
136,0,"w",2,6,1
940,0,"b",4,4,1
2637,0,"b",4,14,1
3369,0,"w",4,4,1
741,0,"w",4,18,0
2739,1,"b",3,26,1
2009,1,"w",3,13,1
1413,0,"b",3,4,1
1275,0,"b",4,2,1
4869,0,"b",4,2,1
897,0,"b",4,6,1
38,0,"b",4,3,0
4760,0,"b",4,12,1
97,0,"b",2,5,0
3064,0,"b",3,4,1
518,0,"b",3,5,1
781,0,"b",4,6,1
1710,0,"b",4,9,1
236,0,"b",3,5,1
2799,0,"b",0,5,1
3990,0,"b",3,6,1
4020,0,"b",2,5,0
1636,0,"b",4,6,1
3401,0,"w",3,3,0
1932,0,"w",4,11,1
380,0,"b",4,7,0
4056,0,"w",4,6,0
600,0,"b",3,13,1
663,0,"w",4,4,1
3546,0,"w",4,18,1
1708,0,"b",3,1,1
1153,0,"w",4,10,1
803,0,"b",4,9,1
3349,1,"w",4,6,1
2699,0,"w",4,7,1
3717,0,"b",0,4,1
1438,0,"b",2,16,1
4251,0,"b",4,6,1
1874,0,"w",4,4,0
2886,0,"w",3,7,1
3820,0,"w",4,8,1
441,0,"w",1,10,0
248,1,"w",4,10,1
4501,0,"w",4,5,1
4158,0,"b",4,6,1
655,0,"w",4,6,1
3398,0,"w",3,7,1
1679,0,"w",4,6,1
4847,1,"w",4,2,1
2455,0,"b",4,8,1
766,1,"w",4,11,1
1349,0,"b",4,10,1
4244,1,"w",3,6,1
1453,0,"b",4,4,1
4053,0,"b",3,2,1
4252,0,"w",4,4,0
305,0,"b",3,6,1
63,0,"w",0,5,1
1217,0,"w",4,5,1
2126,0,"w",4,11,1
3113,0,"b",4,2,1
4112,0,"b",4,7,0
2566,0,"w",4,6,1
2789,0,"b",4,3,1
3856,0,"b",4,7,0
4665,0,"w",3,21,1
2040,0,"b",4,13,1
3097,0,"w",4,8,0
2197,0,"w",3,1,1
3207,0,"b",4,6,1
871,0,"w",3,18,1
1543,0,"b",4,7,0
2647,0,"b",4,8,1
4469,0,"w",4,5,1
1817,0,"b",0,4,1
2720,0,"w",4,20,0
4043,0,"b",3,4,1
1384,0,"w",4,18,1
4324,0,"w",4,11,1
10,0,"b",4,6,0
1094,0,"w",4,11,1
4455,0,"b",4,3,1
4364,0,"b",2,18,1
2782,0,"b",4,4,1
4106,0,"w",4,18,1
1130,0,"w",4,15,1
4717,0,"b",4,11,1
4389,0,"w",4,8,1
4614,0,"b",3,13,1
4163,0,"w",4,8,1
2382,1,"b",4,14,1
3411,0,"w",4,3,1
3100,0,"w",4,6,1
2491,1,"w",4,6,1
2744,0,"b",4,9,1
867,0,"w",3,4,1
3222,0,"b",4,6,1
3121,0,"b",4,7,0
4171,0,"w",4,20,0
4782,0,"b",4,2,0
3428,0,"w",3,9,1
2963,0,"b",4,18,1
1849,0,"w",3,6,1
2484,0,"w",2,19,0
1681,0,"b",4,8,0
1731,0,"w",2,3,1
3964,0,"b",4,7,0
4282,0,"b",3,5,1
1814,0,"b",4,6,1
879,0,"b",3,2,0
1626,0,"b",4,11,1
4529,0,"w",3,3,1
4672,0,"w",3,8,1
4549,0,"w",2,4,1
1956,0,"w",3,15,1
2876,0,"b",2,6,1
481,0,"w",4,4,1
2787,0,"w",4,16,1
2061,0,"b",4,2,1
3462,0,"w",4,10,1
588,0,"b",4,6,1
4191,1,"w",4,6,0
1517,0,"b",4,7,0
2543,0,"w",3,26,1
2631,0,"w",4,10,1
436,0,"b",3,16,1
619,0,"b",3,12,1
311,0,"w",4,5,1
207,0,"w",4,5,1
3101,0,"b",4,6,1
2412,0,"w",3,9,1
1277,0,"w",4,7,0
651,0,"b",4,6,1
2718,0,"w",4,8,1
118,0,"b",3,5,1
4473,0,"b",4,2,1
256,0,"w",4,4,1
4652,0,"b",3,8,1
1186,0,"b",3,16,1
3908,0,"b",2,8,0
1781,0,"w",4,11,1
1953,0,"w",4,9,1
3769,0,"b",4,9,1
4383,0,"b",4,8,1
4820,0,"w",4,6,1
2176,0,"w",4,6,1
2385,0,"b",3,13,1
2144,0,"b",4,6,1
2400,0,"b",3,16,1
937,0,"b",4,5,1
726,0,"b",4,7,0
2873,0,"w",4,6,1
1951,1,"w",3,9,1
2425,0,"b",4,6,1
1655,0,"w",4,2,1
4446,0,"b",3,12,1
1036,0,"w",4,6,1
4659,0,"b",4,5,0
592,0,"b",3,13,1
356,0,"b",4,6,1
3532,0,"w",4,14,1
1436,1,"w",4,5,1
1490,0,"w",4,4,1
2771,0,"w",4,6,1
3110,0,"b",4,7,0
1602,0,"w",4,5,1
563,0,"b",4,10,1
926,1,"b",4,7,1
3589,0,"b",4,8,1
1903,0,"w",4,7,0
339,0,"b",3,4,1
4552,0,"w",4,6,1
4227,0,"w",4,4,1
128,1,"w",3,5,0
454,0,"w",3,7,1
2830,0,"w",4,5,0
2832,0,"w",0,4,1
275,0,"b",4,4,0
690,0,"b",4,8,1
2140,0,"b",4,2,1
122,0,"w",4,5,1
4636,0,"b",4,7,1
4538,0,"b",4,5,0
3943,0,"w",2,4,1
2283,0,"b",4,6,1
1132,0,"w",4,9,1
4437,0,"b",4,7,1
2994,0,"w",4,11,1
3178,0,"b",4,6,1
3921,0,"b",0,5,1
2855,0,"b",4,4,1
3135,0,"b",4,8,1
1525,0,"w",4,2,1
4069,0,"b",4,6,1
153,0,"w",3,12,1
3423,0,"w",4,3,1
3077,0,"b",4,14,1
491,0,"b",3,11,1
479,1,"b",2,4,1
1371,1,"w",4,12,1
4277,0,"w",4,4,1
2942,0,"w",3,3,0
1489,0,"b",4,7,1
3672,0,"w",4,5,1
3558,0,"b",4,26,0
377,0,"w",4,7,0
2760,0,"w",4,20,0
3889,0,"w",4,7,0
59,0,"w",4,4,1
1712,1,"w",2,19,0
3837,0,"b",4,26,0
4196,0,"w",4,5,0
3713,0,"w",3,26,1
998,0,"w",4,6,1
4750,0,"b",3,3,1
4866,0,"b",3,1,1
4136,0,"b",4,8,1
1220,0,"w",4,5,1
2388,0,"w",4,11,1
1638,0,"w",4,8,1
2872,0,"b",4,11,1
2335,0,"w",3,9,1
4215,0,"w",4,6,1
3205,0,"w",4,8,1
1919,0,"w",4,7,1
2680,0,"b",3,5,0
189,0,"b",4,26,0
2281,0,"b",4,7,0
4073,1,"b",3,8,0
1061,0,"b",4,9,1
862,0,"w",3,13,1
2847,1,"b",4,6,0
4396,0,"b",4,26,0
1060,0,"b",4,7,1
4035,0,"w",4,5,0
4646,0,"b",3,7,1
4527,0,"w",4,6,1
730,0,"b",3,13,1
4224,0,"w",4,4,1
3656,0,"w",4,7,1
4152,0,"b",4,11,1
3877,0,"b",4,18,1
416,0,"b",4,13,1
4076,0,"b",2,7,1
2472,0,"b",4,5,1
569,0,"b",4,6,1
642,0,"w",4,6,0
2497,0,"b",4,4,1
91,0,"b",4,4,0
991,0,"w",3,4,1
147,0,"w",2,7,1
1950,0,"b",4,6,1
3697,1,"b",4,9,1
4232,0,"b",0,5,1
4209,0,"w",3,21,1
1511,0,"b",4,6,1
2164,0,"b",4,10,1
4146,1,"b",4,8,1
2833,0,"b",4,5,0
4743,0,"w",4,5,1
4635,0,"w",4,6,1
2178,0,"w",4,8,0
2274,0,"w",4,2,1
3352,0,"w",4,6,1
4422,0,"b",4,7,1
1980,0,"b",3,3,1
2910,0,"w",4,4,1
1227,0,"w",4,7,1
1876,0,"b",2,3,1
46,0,"b",3,7,1
3261,1,"w",4,10,1
4607,0,"w",4,14,1
3435,0,"b",4,11,1
1323,0,"w",4,12,1
3336,0,"w",0,2,1
1825,0,"w",2,4,0
37,0,"b",4,4,1
3385,0,"b",4,4,1
2608,0,"b",4,5,1
4369,0,"w",4,2,1
3335,0,"b",4,5,1
4676,0,"b",4,8,1
3503,0,"b",4,8,0
869,0,"w",3,1,1
3759,0,"w",3,16,1
688,0,"w",4,3,1
2169,0,"b",4,7,0
4220,0,"w",3,4,1
672,0,"b",4,19,1
241,0,"b",4,4,1
930,0,"b",3,5,1
1974,0,"b",4,6,1
1050,0,"b",4,13,1
4711,0,"b",3,6,1
3923,0,"b",3,10,1
1858,0,"b",3,5,1
2695,1,"w",4,6,1
657,0,"b",4,6,1
2084,0,"b",4,8,1
4830,1,"w",4,7,0
351,0,"w",3,8,1
4445,0,"w",4,14,1
2874,0,"b",4,6,1
1936,1,"w",4,5,1
3851,0,"w",4,10,1
3005,0,"b",4,6,1
2582,0,"b",4,8,1
2979,0,"w",4,8,1
2903,0,"w",4,4,0
2570,0,"w",4,6,1
697,0,"w",4,2,1
2657,0,"w",4,2,1
602,0,"w",4,23,1
240,0,"b",4,5,1
4589,0,"b",4,7,0
3140,0,"b",4,7,0
844,0,"b",4,6,1
746,0,"b",3,4,1
131,0,"w",4,9,1
2746,0,"b",3,4,1
1129,0,"b",4,5,1
250,0,"b",3,10,1
4590,0,"b",4,8,1
829,0,"w",4,7,0
3824,0,"b",4,8,1
4535,0,"w",2,6,0
1225,0,"b",4,8,1
987,0,"b",4,7,1
3997,0,"b",4,20,1
793,0,"b",4,15,1
1690,0,"b",4,7,0
1663,0,"w",4,6,1
4202,0,"b",4,6,0
17,0,"w",4,5,0
2753,0,"w",3,5,0
2354,0,"b",4,8,1
2836,0,"b",4,6,1
4844,1,"w",4,11,1
1582,1,"b",1,10,0
3732,0,"w",4,7,1
4142,0,"w",4,11,1
4066,0,"b",3,4,1
851,0,"w",4,6,1
687,0,"b",4,15,1
2293,0,"w",4,8,1
3550,0,"b",4,7,0
4047,0,"b",3,3,1
4371,0,"b",4,8,1
3333,0,"w",3,5,1
1077,0,"b",4,11,1
656,0,"w",4,11,1
2601,0,"w",4,9,1
4852,0,"w",2,19,0
1363,0,"w",4,14,1
2919,0,"w",4,8,1
3074,0,"b",3,5,0
2430,0,"b",4,4,1
2895,0,"b",3,6,0
2401,0,"b",3,5,0
2012,0,"w",4,9,1
4183,0,"b",3,9,1
864,0,"b",4,9,1
2358,0,"b",4,10,1
817,0,"w",4,12,1
1466,0,"w",2,5,1
455,0,"b",3,7,1
1120,0,"w",4,14,1
1751,0,"w",3,11,1
3620,0,"w",4,2,1
2611,0,"b",3,2,0
2207,0,"b",4,5,1
3629,1,"w",4,7,1
45,0,"b",4,5,1
2258,0,"w",4,7,1
1711,0,"b",3,5,0
2561,0,"b",4,7,1
3854,0,"b",4,8,0
4839,0,"w",4,6,1
1202,0,"b",4,5,1
3689,0,"w",0,4,1
1332,1,"b",4,8,1
3034,0,"b",3,4,1
2800,0,"b",3,5,1
692,0,"b",4,7,1
421,0,"w",4,8,1
558,0,"w",1,10,0
4836,0,"b",4,8,1
208,0,"b",4,11,1
4157,0,"w",4,8,1
317,0,"w",4,6,1
3938,0,"b",3,12,1
2795,0,"b",3,8,1
3277,1,"b",4,7,0
4693,0,"b",4,21,1
4200,0,"b",2,3,0
3651,0,"w",4,5,0
2051,0,"w",4,4,1
3201,0,"w",4,8,1
2171,0,"b",4,18,1
4618,0,"b",4,20,0
2932,0,"b",4,11,1
3416,0,"b",4,2,1
677,0,"b",4,4,1
3581,0,"w",4,7,0
1766,0,"w",4,6,1
1303,0,"b",2,19,0
2964,0,"b",4,2,1
4424,0,"b",3,5,1
3069,0,"b",3,4,1
4857,0,"b",4,6,1
4415,0,"w",1,4,1
3777,0,"w",4,4,1
2597,0,"w",4,2,1
2877,0,"w",4,6,1
378,0,"b",4,8,1
696,0,"w",4,7,0
105,0,"w",4,4,1
4686,0,"w",4,6,0
4306,0,"b",3,5,1
322,0,"w",3,16,1
4484,0,"w",4,5,1
4345,0,"b",4,14,1
3431,0,"b",4,5,1
4423,0,"w",3,7,1
4595,0,"w",4,14,1
4258,0,"b",3,5,1
1327,0,"w",4,12,1
2311,0,"b",4,14,1
4827,1,"w",4,2,1
346,0,"b",4,15,1
2399,0,"w",3,4,1
2908,0,"b",4,6,0
1654,0,"b",4,4,1
2751,1,"b",3,2,1
710,0,"b",4,7,0
4320,0,"b",4,4,0
1522,0,"w",4,7,0
4109,0,"w",4,6,1
1592,0,"b",4,3,1
1534,0,"b",4,6,1
3603,0,"w",4,6,1
4737,1,"w",4,5,1
2955,0,"b",4,8,1
2288,0,"b",4,8,0
1304,0,"b",3,1,1
3377,0,"w",4,1,1
3049,0,"w",4,6,1
3353,0,"w",4,6,1
1859,0,"w",4,7,1
4794,0,"b",3,10,0
2356,0,"b",4,26,0
2622,1,"b",4,8,1
4127,1,"w",4,10,1
3054,0,"w",4,8,1
1461,0,"w",4,6,1
1912,1,"w",1,10,0
4031,0,"w",2,3,1
2137,0,"b",4,7,1
495,0,"b",4,5,0
3053,0,"w",4,18,1
2733,1,"w",2,16,1
2983,0,"b",4,4,1
3466,0,"b",4,2,1
1084,0,"w",4,4,1
1719,0,"w",4,7,1
4526,0,"b",4,6,1
1885,0,"w",4,10,1
2530,0,"w",4,7,0
3878,0,"w",4,8,1
2840,0,"b",4,7,1
3552,0,"b",4,8,1
1757,0,"b",4,5,0
75,0,"w",3,3,1
3361,0,"b",4,5,1
3691,0,"w",4,5,0
1272,0,"w",4,7,0
193,0,"w",4,8,1
1943,0,"w",4,13,1
1740,0,"b",4,11,1
4272,0,"b",4,6,1
3809,0,"w",4,7,0
4410,1,"w",4,8,1
553,0,"w",4,8,1
2133,0,"w",4,3,1
1696,1,"b",3,26,1
3255,0,"w",4,6,1
2774,0,"w",3,4,1
2999,0,"b",4,6,1
3975,0,"b",4,7,1
1194,0,"w",3,14,1
536,0,"w",4,4,1
3208,0,"w",4,7,0
1494,0,"b",4,4,1
769,0,"b",4,3,1
3590,0,"b",4,8,1
2476,1,"w",4,7,0
3190,0,"b",4,6,1
890,0,"b",4,11,1
4631,0,"b",4,11,1
4368,0,"b",4,14,1
3413,0,"b",4,4,1
3132,0,"w",4,14,1
4822,0,"b",4,6,1
4472,0,"w",4,4,0
2077,0,"b",4,8,0
1037,0,"b",4,7,0
3437,0,"b",4,10,1
1746,0,"b",4,6,0
535,0,"b",3,3,1
2709,0,"b",2,8,0
2336,0,"b",4,4,1
3826,0,"b",4,7,0
4809,0,"b",4,7,0
3833,0,"w",4,8,0
1023,0,"b",4,6,1
1826,0,"b",1,4,1
396,0,"w",3,2,0
1179,0,"w",4,9,1
2918,0,"b",3,8,1
626,0,"b",4,2,1
4347,0,"b",4,8,1
3872,0,"b",4,14,1
2525,0,"b",4,8,1
2259,0,"b",4,3,1
2677,0,"w",4,8,1
2698,1,"b",4,4,1
3701,0,"b",3,8,1
2837,0,"w",4,8,1
3151,0,"w",4,2,1
4077,0,"w",2,6,1
4329,0,"w",3,6,1
2756,0,"b",3,4,1
293,0,"w",4,6,0
1870,0,"b",4,4,1
269,0,"b",4,4,0
503,0,"b",4,11,1
3337,0,"w",4,4,1
1767,0,"b",4,5,1
3490,0,"b",4,23,1
591,0,"w",3,4,1
3542,0,"b",4,14,1
81,0,"b",4,5,1
2654,0,"w",4,2,1
1641,0,"w",4,6,1
1188,0,"b",4,6,1
686,0,"w",2,3,1
253,0,"w",4,11,1
4520,0,"b",3,6,1
242,0,"w",4,4,1
3551,0,"b",4,8,1
4032,0,"b",3,10,1
652,0,"b",4,5,0
1209,0,"w",4,7,1
3960,0,"b",4,7,1
4619,0,"w",3,4,1
99,0,"b",4,3,1
3285,0,"b",4,13,1
3087,0,"b",3,4,1
755,0,"b",4,4,1
1114,0,"b",4,6,1
3099,0,"w",4,6,1
2811,0,"b",4,11,1
3453,0,"b",4,8,1
194,0,"b",4,14,1
3848,0,"w",4,8,1
1317,0,"w",4,4,1
1770,0,"w",4,4,1
188,0,"b",4,14,1
4626,0,"b",4,8,1
3606,0,"w",4,2,1
729,0,"w",3,7,1
2863,0,"w",4,6,1
2888,0,"w",4,3,1
2298,0,"b",4,8,1
728,0,"b",4,14,1
4428,1,"b",1,4,1
2422,0,"w",4,4,1
4363,1,"b",3,2,1
467,0,"b",4,7,1
4240,0,"b",4,8,1
2028,0,"b",4,15,1
1884,0,"b",4,15,1
933,0,"w",4,25,1
4221,0,"b",4,21,1
4565,0,"w",4,18,1
4408,0,"b",4,4,1
641,0,"w",4,6,1
2310,0,"w",3,16,1
2549,0,"w",3,1,1
104,0,"w",4,4,0
3488,0,"b",4,6,1
261,0,"w",3,6,1
497,0,"b",4,2,1
2889,0,"w",4,1,1
1315,0,"b",2,5,1
329,0,"b",3,2,1
3441,0,"b",3,16,1
532,0,"b",3,8,1
3565,0,"b",4,14,1
565,0,"w",4,8,1
2636,0,"w",4,6,1
2974,0,"b",4,6,1
2469,1,"w",3,4,1
4651,0,"w",4,5,1
4698,0,"b",3,4,1
1012,0,"w",4,8,1
3312,0,"w",3,6,1
2913,0,"w",4,6,0
3746,0,"b",4,9,1
2965,0,"b",4,10,1
4201,0,"b",4,6,1
2707,0,"w",4,6,1
4641,0,"w",4,11,1
2103,0,"b",2,16,1
2536,0,"b",2,19,0
2451,0,"w",4,6,1
2604,0,"b",3,13,1
3058,0,"b",4,26,0
734,0,"w",4,11,1
1832,0,"w",4,6,0
3611,0,"w",4,2,1
2418,0,"w",4,6,1
4675,0,"w",3,8,1
1067,0,"w",4,25,1
389,1,"w",4,20,0
3008,0,"b",4,6,1
3876,0,"b",4,26,0
2936,0,"b",4,11,1
1071,0,"b",4,4,1
292,0,"w",4,4,1
3860,0,"w",4,2,1
3191,0,"b",4,6,1
2177,0,"w",4,6,1
2523,0,"b",4,6,1
2352,0,"b",4,8,1
1927,0,"b",4,6,1
975,0,"w",3,5,1
2007,0,"w",4,13,1
4521,0,"b",4,7,1
2427,0,"w",4,4,1
1621,0,"w",4,5,1
1707,0,"w",3,4,1
2331,0,"b",3,8,1
155,0,"b",4,5,1
3564,0,"w",4,2,1
1105,0,"b",4,5,0
280,0,"b",4,6,1
1013,0,"w",4,7,0
2629,0,"w",4,3,1
4563,0,"w",4,26,0
1283,0,"b",3,7,1
4212,0,"b",3,11,1
4755,0,"w",4,6,1
1794,0,"b",4,6,1
1671,0,"w",4,10,1
1866,0,"w",2,4,0
1979,0,"w",4,5,1
2585,0,"b",4,2,1
4085,1,"b",3,8,0
3149,0,"w",4,6,1
984,0,"b",2,4,1
263,0,"w",4,7,1
3870,0,"w",4,8,1
2073,0,"b",4,6,1
1657,0,"w",4,2,1
4715,0,"w",3,4,1
4236,0,"w",4,7,1
3015,0,"w",4,7,0
3971,0,"b",3,7,0
3291,0,"w",3,7,1
3781,0,"w",3,3,1
2081,0,"b",4,10,1
3936,0,"b",4,5,0
1569,0,"b",3,1,1
9,0,"b",4,3,1
4494,0,"w",4,5,1
1536,0,"w",4,8,1
3681,0,"w",4,11,1
768,0,"b",3,12,1
4831,0,"w",3,4,1
2603,0,"b",3,26,1
100,0,"w",4,2,1
3518,0,"w",2,8,0
2099,1,"b",3,4,1
2020,0,"b",4,6,1
3707,0,"w",0,2,1
2148,0,"b",4,6,1
3632,1,"b",4,4,1
946,0,"b",4,4,1
2558,0,"b",4,7,1
2762,0,"b",4,26,0
1608,0,"w",4,5,1
2502,0,"b",4,3,1
841,0,"b",4,2,1
51,0,"b",4,6,1
2865,0,"w",4,10,1
4863,0,"w",3,13,1
2036,0,"w",3,8,1
3380,0,"b",4,7,1
202,1,"w",4,8,1
918,0,"w",3,3,1
2788,0,"w",1,4,1
3447,0,"w",4,7,0
2437,0,"w",4,26,0
1735,0,"b",3,6,1
724,0,"b",4,2,1
551,0,"w",4,2,1
3901,0,"b",4,14,1
3013,0,"w",4,18,1
2866,0,"b",4,10,1
4478,0,"b",2,18,0
2924,0,"b",2,19,0
4591,0,"b",4,6,1
3585,0,"w",4,26,0
2881,0,"w",4,20,1
3937,0,"w",3,4,1
1404,0,"b",4,26,0
1472,0,"w",4,15,1
2590,0,"w",4,6,1
3627,1,"w",4,7,0
1313,0,"w",3,7,1
1040,0,"w",3,7,1
2365,0,"w",4,8,1
2818,0,"w",4,5,1
916,0,"b",3,6,1
4391,0,"w",4,14,1
2526,0,"b",4,8,0
3665,0,"b",4,12,1
2498,0,"w",3,2,1
3073,0,"b",4,14,1
1279,1,"w",4,9,1
4777,0,"w",3,8,1
2544,0,"w",3,5,0
1034,0,"b",4,8,1
486,0,"b",4,5,1
685,0,"b",3,6,1
501,0,"w",4,11,1
1570,0,"w",3,4,1
2353,0,"b",4,8,1
319,0,"b",4,6,1
835,0,"w",4,8,1
4744,0,"b",4,3,1
3343,0,"w",4,6,1
2189,0,"w",4,8,1
439,0,"b",4,8,1
3393,0,"w",4,6,1
2394,0,"b",3,13,1
4656,0,"b",4,4,1
3902,0,"w",4,18,1
3412,0,"b",2,4,1
4420,0,"w",3,6,1
3630,1,"b",4,4,1
1250,0,"w",4,8,1
3494,0,"b",4,2,1
1736,0,"b",3,6,1
3912,0,"b",4,6,0
4865,0,"b",3,26,1
169,1,"w",4,6,1
1222,0,"b",3,6,1
1089,0,"b",4,5,1
3586,0,"b",4,8,1
1622,0,"b",4,5,1
2763,0,"w",3,6,1
209,0,"b",3,3,1
2534,0,"b",4,7,0
2897,1,"w",4,22,1
2896,1,"b",4,11,1
2586,0,"b",4,2,1
2261,0,"b",4,6,1
1337,0,"b",2,11,1
3756,0,"w",4,22,1
3332,0,"b",4,4,1
3252,0,"b",4,8,1
2697,1,"w",4,7,0
3754,0,"b",4,5,0
3120,0,"w",4,6,1
3583,0,"w",4,6,1
4094,0,"w",4,6,1
4622,0,"b",3,5,0
625,0,"w",2,3,1
2485,0,"b",3,7,1
4845,0,"b",3,2,1
323,0,"b",3,6,1
3489,0,"b",4,8,1
4045,0,"b",3,6,1
1963,0,"w",4,3,1
3720,0,"b",4,11,1
3832,0,"w",4,26,0
1720,0,"b",4,4,1
1189,0,"b",4,6,1
1106,0,"b",4,6,1
1205,0,"w",3,7,1
1988,0,"w",4,20,0
473,1,"w",4,21,1
3528,0,"b",4,4,0
2749,1,"w",3,7,1
4304,0,"w",3,6,1
4642,0,"w",3,5,1
212,0,"b",4,5,1
1042,0,"b",3,13,1
3051,0,"b",4,7,0
3677,0,"w",3,4,1
453,0,"b",4,6,1
1470,0,"b",4,16,1
246,0,"w",4,7,1
1523,0,"w",4,6,1
2211,1,"b",2,19,0
2182,0,"w",4,8,1
4597,0,"b",4,18,1
425,0,"w",3,5,0
567,0,"w",4,7,0
814,0,"w",3,3,1
3210,0,"w",4,7,0
4768,0,"w",2,6,0
14,0,"w",4,4,1
3351,0,"b",4,6,1
1892,0,"b",4,6,1
303,0,"b",4,5,1
1108,0,"b",4,10,1
2802,0,"w",4,5,1
3327,0,"b",3,7,1
2685,0,"b",3,13,1
3145,0,"b",4,8,1
7,0,"w",4,5,1
1377,0,"b",4,14,1
4299,0,"w",3,4,1
4867,0,"b",4,6,1
1213,1,"b",4,19,1
2265,0,"w",4,6,1
458,0,"w",4,19,1
4143,1,"w",4,2,1
924,0,"b",4,19,1
3539,0,"b",4,18,1
1598,0,"b",4,19,1
3524,0,"b",4,8,0
2488,0,"w",4,13,1
1748,0,"b",4,5,0
4812,0,"w",4,2,1
1797,0,"w",2,4,0
4018,0,"b",4,6,1
2640,0,"b",4,6,1
1625,0,"w",4,23,1
135,0,"w",4,8,1
1961,1,"b",4,3,1
4653,0,"w",4,4,1
2700,0,"b",4,3,1
1298,0,"w",4,9,1
2716,0,"b",4,2,1
4117,0,"w",3,26,1
2021,0,"w",4,7,1
1836,0,"b",2,5,1
3286,0,"b",3,4,1
2859,0,"b",2,5,0
196,0,"w",4,2,1
4416,0,"b",4,2,1
1075,0,"b",4,11,1
2370,0,"w",3,1,1
2431,0,"b",4,2,1
2948,0,"w",4,8,1
1567,1,"w",4,13,1
4036,0,"b",4,6,0
4178,0,"b",3,6,1
4648,0,"b",3,8,1
2678,0,"b",4,11,1
1783,0,"w",2,12,1
6,0,"w",4,6,0
2564,0,"w",4,4,1
2617,0,"w",3,4,1
400,0,"w",4,6,1
1815,1,"w",4,5,1
1331,1,"w",3,7,1
3375,0,"b",1,4,1
2701,0,"w",4,6,1
1854,0,"w",3,3,1
3144,0,"b",4,7,0
4599,0,"b",4,8,1
4687,0,"w",3,6,1
1704,0,"w",3,26,1
1314,0,"w",4,8,1
2029,0,"b",3,8,1
3924,0,"w",4,5,0
1367,0,"w",4,6,1
2821,0,"b",4,5,0
4477,0,"w",3,1,1
3391,0,"w",3,6,1
4448,0,"w",4,10,1
4234,0,"b",3,6,1
1124,0,"w",3,5,1
2650,0,"w",4,2,1
3438,0,"b",4,16,1
1109,0,"w",4,5,1
2560,0,"b",3,15,1
3579,0,"b",4,6,1
597,0,"w",3,7,1
2553,0,"w",4,6,1
4616,0,"b",4,8,0
2271,0,"w",4,7,0
2975,0,"b",4,6,1
3014,0,"b",4,2,1
3269,0,"b",0,4,1
1000,0,"w",4,8,1
1096,0,"w",4,7,1
3693,1,"w",4,8,1
2694,1,"b",4,8,1
618,0,"b",2,13,1
2550,1,"b",4,14,1
1565,0,"b",3,7,1
382,0,"w",3,4,1
599,0,"b",4,9,1
3106,0,"w",4,8,0
3537,0,"b",4,2,1
3885,0,"w",4,2,1
2567,0,"b",4,14,1
3742,0,"b",3,4,1
347,0,"w",2,1,0
13,0,"b",4,4,1
628,0,"b",3,5,1
332,0,"b",2,6,1
4219,0,"w",4,7,0
4790,0,"b",4,14,0
4038,0,"w",3,6,1
3967,0,"w",3,9,1
702,0,"w",4,6,1
1,0,"w",4,6,1
758,0,"b",3,3,1
3510,0,"w",4,8,1
858,0,"b",4,6,1
3891,0,"w",4,2,1
4344,0,"w",4,8,0
2054,0,"b",4,4,1
4207,0,"w",4,6,1
2639,0,"w",4,6,1
2500,0,"w",0,6,1
2380,1,"b",4,13,1
3761,0,"w",4,4,1
2199,0,"w",2,19,0
4121,0,"b",1,10,0
2135,0,"b",4,5,1
673,0,"w",3,8,1
4100,0,"w",4,2,1
3646,1,"b",4,11,1
47,0,"w",0,4,1
4311,0,"w",4,3,1
509,0,"b",4,7,1
4806,0,"b",4,8,1
312,0,"w",4,5,1
1288,0,"b",3,4,1
1561,0,"w",3,4,1
434,0,"w",4,5,1
4409,1,"b",4,8,1
4483,0,"b",0,4,1
4511,0,"w",3,20,1
1568,0,"b",3,16,1
4189,0,"w",4,5,1
4840,0,"w",4,2,1
1284,1,"w",3,4,1
1451,0,"w",3,6,1
4105,0,"b",4,14,1
2238,0,"w",4,5,1
3702,1,"w",4,8,1
3727,0,"w",4,4,1
950,0,"b",4,6,1
2044,0,"b",4,10,1
3231,0,"b",4,2,1
270,1,"b",4,11,1
4818,0,"w",4,2,1
2674,0,"b",4,5,1
2606,0,"b",3,4,1
2318,1,"b",3,7,1
1807,0,"w",4,2,1
1398,0,"w",4,13,1
2995,0,"w",4,8,1
2361,0,"b",4,6,1
2088,0,"b",4,13,1
2619,0,"b",3,13,1
1659,0,"b",4,7,0
4315,0,"b",4,4,1
4507,0,"w",4,5,1
978,0,"b",4,4,1
3991,0,"w",4,6,0
2286,0,"w",4,8,1
2072,0,"w",4,8,0
2445,0,"w",4,14,1
689,0,"w",4,6,1
721,0,"w",4,6,1
2844,0,"w",2,6,1
161,0,"w",2,1,0
2334,0,"b",4,4,1
4843,0,"b",3,16,1
3426,0,"b",3,4,1
1244,0,"b",3,5,1
2852,0,"b",4,4,0
4864,0,"w",2,16,1
621,0,"b",4,5,1
195,0,"w",4,26,0
4140,0,"b",3,13,1
3445,0,"b",4,18,1
4440,0,"w",4,6,1
3594,0,"b",4,18,1
2532,0,"b",4,7,0
306,0,"w",4,3,1
1530,0,"w",4,7,0
4682,0,"w",3,9,1
3743,0,"b",3,5,1
3625,0,"w",4,2,1
3688,0,"b",3,5,1
1894,0,"w",4,5,1
4691,0,"b",3,4,1
3811,1,"w",4,8,1
3956,0,"w",4,14,1
3942,0,"b",3,6,1
3256,0,"w",4,2,1
4144,1,"b",4,6,1
3122,0,"b",4,10,1
3616,0,"w",4,7,0
3213,0,"b",4,8,1
3831,0,"b",4,6,1
2371,0,"w",4,9,1
448,1,"w",4,11,1
3456,0,"w",4,14,1
4705,0,"w",3,4,1
2957,0,"w",4,7,0
3684,0,"w",4,11,1
2206,0,"b",4,7,1
995,0,"b",2,2,1
2076,0,"b",4,8,1
2306,0,"w",4,13,1
772,0,"w",3,8,1
3527,0,"w",4,9,1
623,0,"w",4,6,1
4104,0,"b",4,2,1
1759,0,"w",4,13,1
1745,0,"w",4,5,0
3996,0,"w",2,5,0
3152,0,"b",4,6,1
2892,0,"b",4,7,1
3864,0,"b",4,8,1
375,0,"b",4,2,1
4041,0,"b",3,4,1
1897,0,"w",4,10,1
1880,0,"b",4,20,1
653,0,"w",4,6,1
775,0,"w",4,5,1
786,0,"b",4,6,1
4519,0,"b",3,16,1
4581,0,"b",4,8,1
2121,0,"b",4,7,1
1326,0,"w",3,13,1
545,0,"b",4,8,1
951,0,"b",4,6,1
3118,0,"b",4,2,1
2017,0,"w",4,4,1
801,0,"w",4,12,1
3105,0,"w",4,6,1
2644,0,"w",4,6,1
3238,0,"b",4,26,0
3506,0,"w",4,8,1
2467,0,"b",3,4,1
3571,0,"b",4,6,1
2929,0,"w",3,21,1
4838,0,"b",4,7,0
260,1,"b",4,3,1
1624,0,"b",2,3,1
1372,0,"b",3,13,1
2562,0,"w",4,6,1
1508,0,"w",4,6,1
4851,0,"b",3,4,1
1495,1,"w",4,10,1
2595,0,"b",4,5,1
2794,0,"b",4,9,1
992,0,"b",4,5,1
342,0,"b",2,6,1
77,0,"w",4,12,1
2253,0,"w",4,11,1
4343,0,"w",4,6,1
2296,0,"w",4,10,1
3802,0,"w",4,20,1
4260,0,"w",4,6,1
152,0,"b",4,9,1
2034,0,"b",4,7,1
2442,0,"w",4,18,1
770,0,"b",3,6,1
4444,0,"b",3,9,1
1882,0,"w",4,5,1
125,0,"b",2,4,0
826,0,"w",4,5,1
4402,1,"b",4,26,0
4330,0,"w",4,5,1
1827,0,"w",3,8,1
3322,0,"w",4,5,0
324,0,"w",4,6,1
2540,1,"w",3,2,1
2037,0,"w",4,11,1
3388,0,"b",4,9,1
4658,0,"b",2,4,1
2003,0,"b",4,7,0
445,0,"b",3,5,1
3993,0,"w",1,4,1
2217,0,"w",2,16,1
3839,0,"b",4,18,1
4669,0,"b",4,7,1
2241,0,"b",2,5,1
3163,0,"w",4,7,0
399,0,"w",4,8,1
4126,0,"w",4,7,0
1211,0,"w",2,19,1
2278,0,"w",4,7,0
3774,0,"b",4,11,1
2308,0,"w",3,13,1
2521,0,"w",4,6,1
4205,0,"b",2,11,1
2067,0,"w",4,8,0
505,0,"b",4,6,1
2612,0,"b",3,26,1
2093,1,"w",3,1,1
3653,0,"w",4,5,1
4175,0,"b",3,6,1
571,0,"w",4,6,1
1301,1,"w",2,16,1
427,1,"b",4,11,1
647,0,"b",4,4,1
1947,0,"w",4,13,1
3636,0,"b",2,3,0
2115,0,"w",4,6,1
1328,0,"b",2,10,1
3425,0,"w",2,4,1
1119,0,"b",4,6,1
1191,0,"b",3,11,1
165,0,"w",4,7,1
2277,0,"w",4,6,1
3650,0,"w",4,6,0
3700,0,"b",4,5,0
1611,0,"b",2,9,1
1702,1,"b",2,16,1
93,0,"b",4,4,1
1921,0,"w",3,8,1
198,0,"b",4,14,1
1864,0,"b",4,5,0
187,0,"b",4,8,1
1093,0,"b",2,6,1
1058,0,"w",3,6,1
2426,0,"b",4,7,1
3128,0,"w",4,6,1
875,0,"w",2,19,0
4388,0,"b",4,8,1
83,0,"w",4,4,1
4326,0,"b",4,9,1
4086,1,"b",4,8,1
2626,0,"w",4,9,1
1550,0,"w",4,14,1
2812,0,"w",3,12,1
2732,0,"b",4,7,0
1442,0,"b",4,7,0
3009,1,"b",4,8,1
4748,0,"w",3,5,1
2516,1,"w",4,7,0
4625,0,"w",4,6,1
1820,0,"w",4,7,1
166,1,"w",4,10,1
4512,0,"b",3,6,1
899,0,"b",4,19,1
694,0,"b",4,5,1
679,0,"w",4,4,1
2770,0,"b",4,6,1
1673,0,"b",4,7,0
1808,0,"b",2,6,0
1419,0,"w",3,26,1
4028,0,"b",3,5,1
3192,0,"b",4,8,0
1476,0,"b",4,7,1
709,0,"w",4,7,0
4452,0,"w",4,7,1
749,0,"w",4,4,1
2011,1,"b",3,13,1
1674,0,"b",4,7,0
774,0,"b",3,17,1
3368,0,"w",4,7,1
2571,0,"w",4,2,1
2938,0,"w",4,13,1
4620,0,"w",4,14,1
2559,0,"w",4,20,1
1116,0,"b",4,6,1
2387,0,"w",4,8,1
68,0,"w",3,4,1
4061,0,"b",4,11,1
3240,0,"w",4,14,1
4601,0,"b",4,10,1
4814,0,"w",4,7,0
2797,0,"w",3,6,1
1526,0,"b",4,2,1
1925,0,"w",3,6,1
1737,0,"b",4,11,1
788,0,"b",4,9,0
191,0,"b",4,14,1
1044,0,"b",3,1,1
4545,0,"b",4,11,1
4562,1,"b",4,4,1
4379,0,"w",4,7,0
936,0,"w",4,4,1
184,0,"w",4,18,1
405,0,"w",4,9,1
2267,0,"b",4,6,1
2835,0,"b",4,7,1
1380,0,"w",4,8,1
2899,0,"w",4,8,1
2210,0,"b",3,2,1
2805,0,"w",4,5,1
3136,0,"w",4,2,1
2496,0,"w",4,9,1
2101,0,"b",4,11,1
2448,0,"b",4,7,0
537,0,"w",4,6,0
1062,0,"w",4,10,1
1100,0,"b",4,5,0
3417,0,"b",3,6,1
1240,0,"b",4,7,1
2546,0,"b",3,4,1
1931,0,"w",3,13,1
4723,0,"b",4,3,0
1078,0,"w",3,12,1
1716,1,"w",3,13,1
1762,0,"b",4,11,1
2714,0,"b",4,6,1
2658,0,"b",4,7,0
4701,0,"b",2,6,1
4692,0,"w",4,23,1
4610,0,"w",4,8,1
989,1,"b",4,3,1
449,0,"w",3,3,1
178,0,"w",4,26,0
73,0,"b",3,6,1
2108,0,"b",3,16,1
76,0,"b",4,4,1
1982,0,"w",4,5,1
706,0,"w",4,6,1
2810,0,"w",4,12,1
3446,0,"b",4,23,1
3276,1,"w",4,6,0
4593,0,"b",4,14,1
219,0,"b",2,4,0
1915,0,"w",4,8,1
199,0,"b",4,8,1
2507,0,"w",4,4,1
1479,0,"b",3,6,1
2343,0,"w",4,2,1
574,0,"b",4,26,0
3038,0,"w",4,8,1
4033,0,"w",3,5,1
333,0,"w",3,5,1
2436,0,"w",4,7,0
556,0,"b",4,7,0
1840,0,"w",2,3,1
3098,0,"b",4,13,1
1170,0,"b",3,26,1
3359,1,"b",4,6,1
707,0,"w",4,2,1
1280,0,"b",3,4,1
959,0,"w",4,6,1
121,0,"b",4,5,0
2463,0,"b",3,1,1
4781,0,"b",4,6,1
3467,0,"w",4,26,0
974,0,"b",2,3,1
3258,1,"b",4,14,1
2413,0,"b",3,9,1
1356,0,"b",4,11,1
2249,0,"w",4,6,1
278,0,"w",0,4,1
3874,0,"b",4,7,0
3829,0,"w",4,6,1
1465,0,"w",3,5,1
3966,0,"b",4,6,1
2193,0,"b",4,11,1
2630,0,"b",4,6,1
789,0,"w",4,7,0
1549,0,"b",3,16,1
1877,0,"b",3,5,1
1789,0,"w",4,3,1
4588,0,"w",4,2,1
1074,0,"b",3,6,1
4421,0,"b",4,5,1
3621,0,"b",4,7,0
2780,0,"b",4,11,1
559,0,"b",4,8,1
3560,0,"w",4,7,0
3018,0,"b",4,10,1
2912,0,"b",3,4,1
1964,0,"b",4,2,1
2747,1,"b",4,7,0
3654,0,"b",4,3,1
3094,0,"b",4,11,1
1955,0,"b",2,13,1
2950,1,"w",4,2,1
4702,1,"w",4,7,1
4699,0,"b",3,5,1
1687,1,"w",4,11,1
3046,0,"b",4,6,1
179,0,"w",4,18,1
1891,1,"b",4,7,1
2449,0,"b",4,18,1
1137,0,"w",4,2,1
2237,0,"w",3,7,1
753,0,"w",3,4,1
583,1,"w",4,8,1
1157,0,"w",4,2,1
354,0,"b",3,5,0
62,0,"w",3,5,1
4014,0,"b",4,7,1
1908,0,"b",4,6,1
4735,0,"w",2,7,0
3857,0,"w",4,2,1
30,0,"b",4,2,1
1429,0,"w",4,14,1
3849,0,"w",4,7,0
1614,0,"b",4,5,1
3330,0,"w",4,5,0
1729,0,"b",0,4,1
4578,0,"w",4,26,0
2005,0,"w",3,13,1
4771,0,"w",3,6,1
1198,0,"w",4,5,1
3079,0,"w",3,16,1
2357,0,"b",4,7,0
4807,0,"b",4,6,1
1086,0,"b",4,4,1
1695,1,"w",3,4,1
1195,0,"w",3,7,1
4176,0,"w",2,6,1
1532,0,"b",4,8,1
4280,0,"w",3,4,1
1658,0,"w",4,8,1
1634,0,"b",4,6,0
1937,0,"w",3,7,1
4287,1,"w",4,6,0
1101,0,"w",4,6,1
414,1,"w",4,20,0
1744,1,"w",4,6,0
103,0,"b",4,4,0
2785,0,"w",2,2,0
1095,0,"w",4,9,1
3340,0,"b",4,12,1
4759,0,"b",4,7,1
1014,0,"b",4,2,1
4762,0,"w",3,3,1
735,1,"w",3,2,0
406,0,"b",3,4,1
3642,0,"w",3,8,1
4261,0,"w",4,6,1
1790,0,"w",4,4,1
2779,0,"b",4,11,1
634,0,"b",4,6,1
2693,1,"w",4,9,1
4264,0,"b",4,6,1
667,0,"w",4,6,1
2883,1,"b",0,4,1
1007,0,"b",4,7,0
2961,0,"w",4,14,1
3535,0,"w",4,18,1
2232,0,"w",3,7,1
1647,0,"b",2,3,1
2129,0,"b",4,5,1
999,0,"w",4,6,1
2867,0,"w",4,11,1
3011,0,"w",4,8,0
1847,0,"b",4,2,1
4316,0,"w",3,3,1
4122,0,"b",4,6,1
2613,1,"w",3,13,1
4579,0,"w",4,26,0
828,0,"b",3,6,1
3002,0,"w",4,2,1
1546,0,"b",4,9,1
2968,0,"w",4,8,1
4392,0,"b",4,26,0
4439,0,"b",4,25,1
431,0,"w",4,6,1
2408,0,"w",4,6,1
2291,0,"b",4,8,1
512,0,"b",4,3,1
4846,0,"w",4,5,1
1127,0,"b",2,6,1
4438,0,"w",4,13,1
1410,1,"b",3,4,1
1898,0,"w",4,20,0
2111,1,"w",4,10,1
805,0,"b",4,10,1
3719,0,"w",4,6,1
4091,0,"b",4,8,1
4,0,"b",3,6,1
3670,0,"b",4,7,1
1342,0,"b",3,6,1
1308,0,"b",3,4,1
598,0,"w",4,14,1
3039,0,"w",4,2,1
3962,0,"w",4,4,1
61,0,"b",4,6,1
4685,0,"b",3,7,1
601,1,"w",4,13,0
1801,0,"w",4,4,0
2183,0,"w",4,2,1
4373,0,"w",4,11,1
3763,0,"w",3,3,1
3308,0,"b",4,11,1
1787,0,"w",4,6,1
4837,0,"w",4,2,1
745,0,"w",3,4,1
3895,0,"w",4,2,1
1439,0,"w",3,4,1
1145,0,"w",4,26,0
913,0,"w",4,11,1
3432,0,"w",2,1,0
1431,1,"w",4,11,1
4312,0,"b",4,8,0
1661,0,"w",4,8,1
4019,1,"w",3,6,1
4070,0,"b",3,5,1
2518,0,"w",4,8,1
4481,0,"w",4,8,1
1346,0,"w",3,5,1
2501,0,"b",2,3,1
1135,0,"b",4,6,1
2247,0,"b",4,6,1
4704,1,"w",4,4,1
2049,0,"w",4,5,1
2589,0,"w",4,6,1
2167,0,"b",4,2,1
4645,0,"b",4,2,1
355,0,"b",4,6,1
3422,0,"w",3,4,1
3778,0,"b",4,11,1
4855,0,"w",4,8,1
4734,0,"b",4,12,1
1946,0,"b",4,7,1
2041,0,"w",4,11,1
84,0,"b",4,3,1
2839,0,"w",4,8,1
217,0,"b",4,3,1
2468,1,"w",4,8,1
1051,0,"w",4,6,1
780,0,"w",4,8,1
3911,0,"w",4,7,0
1458,0,"w",4,6,1
4233,0,"w",4,6,1
1693,0,"b",3,4,1
2834,0,"w",4,6,1
4773,0,"w",3,3,0
4246,1,"w",4,4,1
1335,0,"w",4,13,1
4083,0,"w",4,7,1
2620,0,"b",2,19,0
1666,0,"b",4,8,0
276,0,"w",4,6,1
1361,0,"w",4,11,1
137,0,"b",4,5,1
742,0,"b",4,26,0
969,0,"w",4,3,1
2738,1,"w",4,5,1
847,0,"b",4,2,1
2743,0,"b",3,13,1
2319,1,"w",4,14,1
1229,0,"w",2,6,1
2494,0,"b",4,4,1
3941,0,"b",4,6,1
4397,0,"b",4,9,1
1038,0,"b",4,8,1
4603,0,"w",4,14,1
1435,1,"w",3,2,0
1799,0,"b",4,5,0
4034,0,"b",3,5,1
2625,0,"w",3,7,1
1387,0,"b",4,6,1
915,0,"w",4,6,1
112,0,"b",4,4,0
4386,0,"w",4,2,1
2505,0,"b",4,7,1
3419,0,"w",2,6,1
3678,0,"b",4,4,1
3783,0,"w",3,3,1
2440,0,"b",4,8,1
2107,1,"w",3,4,1
2082,0,"b",4,8,1
534,0,"w",2,7,1
644,0,"b",4,7,1
906,0,"b",4,15,1
570,0,"b",2,8,0
1556,0,"w",3,1,1
230,0,"w",4,6,1
1586,0,"b",4,5,1
585,0,"b",1,10,0
3797,0,"b",4,11,1
1441,0,"w",4,5,1
955,0,"w",4,6,1
4051,0,"w",4,6,0
1822,0,"w",0,5,1
3978,0,"b",4,3,1
4399,0,"w",3,26,1
3919,0,"w",2,6,1
3448,0,"w",4,26,0
1940,0,"b",4,6,1
3883,0,"b",4,8,1
1066,0,"b",4,8,1
371,0,"b",4,2,1
4850,0,"b",4,6,1
1172,1,"w",2,18,0
4340,0,"b",4,7,0
4694,0,"w",4,7,1
1841,0,"b",4,6,0
4451,0,"w",4,5,1
1039,0,"w",3,16,1
3726,0,"b",4,5,1
2246,0,"w",3,7,1
4515,0,"w",4,3,1
3605,0,"w",4,2,1
3365,1,"w",4,5,1
506,0,"w",4,6,1
2987,0,"w",4,6,1
3790,0,"b",3,6,1
748,0,"b",4,4,1
3868,0,"w",4,26,0
3301,1,"b",4,5,1
4575,0,"w",4,7,0
666,0,"b",4,3,1
904,0,"b",4,12,1
4854,0,"b",3,18,1
4356,0,"w",4,8,0
4003,0,"w",4,8,1
3949,0,"w",3,7,1
2583,0,"w",4,8,0
1645,0,"w",4,4,1
1784,0,"b",4,13,1
633,0,"w",4,8,1
3955,0,"b",4,15,1
2754,0,"b",3,4,1
3968,0,"b",4,8,1
3147,0,"w",4,18,1
547,0,"w",4,2,1
365,0,"b",4,6,1
1772,0,"w",4,4,1
1499,0,"b",4,5,1
4706,1,"b",4,5,1
4566,0,"w",4,14,1
4797,0,"b",4,10,1
3641,0,"w",3,4,1
508,0,"b",4,14,1
1962,0,"w",4,7,1
2391,0,"w",3,13,1
4166,0,"b",4,2,1
1381,0,"w",4,8,1
3081,0,"w",4,7,0
3660,0,"b",4,6,1
3775,0,"w",4,3,1
1422,0,"b",3,4,1
711,0,"b",4,6,1
2269,0,"b",4,8,1
1594,0,"w",3,8,1
1478,0,"b",4,5,1
4553,0,"w",4,12,0
4728,0,"w",4,2,1
4647,0,"w",4,3,1
1424,0,"w",3,1,1
4155,0,"w",4,7,0
1721,0,"w",4,6,0
834,0,"w",4,2,1
110,0,"w",4,6,0
3609,0,"w",4,7,0
2174,0,"b",4,18,1
411,0,"w",3,26,1
2891,0,"b",3,3,0
977,1,"w",4,5,1
308,0,"w",3,2,1
2127,0,"w",4,11,1
2454,0,"b",4,8,1
3096,1,"b",4,5,1
549,0,"w",4,6,1
2904,1,"w",3,3,1
3217,0,"b",4,6,1
265,0,"w",4,6,1
1765,0,"b",4,5,1
986,0,"b",4,11,1
1160,0,"w",4,9,1
3725,0,"b",4,4,1
903,0,"w",3,14,1
1149,0,"w",4,18,1
3898,0,"w",4,6,1
3918,1,"w",4,5,1
1792,0,"b",4,5,1
4089,0,"w",4,2,1
4317,0,"w",4,7,1
2134,0,"w",4,4,1
1001,0,"w",4,6,1
2406,0,"w",4,4,1
2772,0,"b",4,4,0
3177,0,"b",4,7,0
759,1,"w",2,6,1
849,0,"b",4,8,1
2691,0,"b",3,13,1
1348,0,"b",3,14,1
3985,0,"w",2,19,1
2528,0,"b",4,2,1
205,0,"w",4,12,1
4358,0,"w",4,26,0
2087,0,"b",3,13,1
629,0,"b",4,7,1
668,0,"b",3,21,1
756,0,"b",3,4,1
3683,0,"b",4,25,1
461,0,"w",3,4,1
2411,0,"b",4,9,1
1541,0,"w",4,6,1
4718,0,"b",3,14,1
3042,0,"b",4,6,1
2185,0,"b",4,6,1
3257,1,"w",4,18,1
1480,0,"w",4,5,1
3917,0,"b",2,1,1
2635,0,"w",4,11,1
3973,0,"w",4,5,1
3275,1,"w",4,5,0
3491,0,"w",4,6,1
1991,0,"b",4,6,1
2360,0,"w",4,6,1
2255,0,"b",4,10,1
3158,0,"b",4,3,1
1597,0,"w",4,20,1
1232,0,"b",4,3,1
3172,1,"w",4,20,0
3987,0,"w",4,6,0
1555,0,"b",3,13,1
1396,0,"b",4,20,0
438,0,"w",4,2,1
3793,0,"b",3,5,1
3318,0,"w",4,21,1
1524,1,"w",4,6,1
856,0,"b",4,7,0
3661,0,"w",2,6,1
218,0,"b",1,4,1
50,0,"b",4,5,1
3859,0,"b",4,6,1
808,0,"b",4,10,1
284,0,"w",4,6,0
2461,0,"b",4,6,1
1016,0,"b",4,2,1
315,0,"w",3,5,1
4052,0,"b",4,5,1
956,0,"b",4,4,1
1862,0,"b",3,4,1
815,0,"b",4,5,1
3012,0,"w",4,7,0
4848,1,"w",4,7,0
2848,0,"b",4,2,1
2552,0,"b",4,6,0
3415,0,"w",2,9,0
1615,0,"w",4,7,1
2187,0,"b",4,6,1
3263,0,"w",4,8,1
1560,0,"w",2,16,1
2301,0,"b",3,7,1
3612,0,"b",4,6,1
612,0,"w",4,11,1
3143,0,"w",4,6,1
2136,0,"b",4,2,1
582,0,"b",4,2,1
1628,0,"w",4,10,1
3502,0,"b",4,7,0
3540,0,"b",4,8,1
2914,0,"b",4,4,1
4539,0,"b",4,4,1
717,0,"w",4,6,1
1414,0,"b",4,5,1
3072,0,"w",3,4,1
1802,0,"b",0,4,1
3003,0,"b",4,14,1
2967,0,"w",4,6,1
3526,0,"b",4,8,1
1364,0,"w",4,6,1
18,0,"b",4,6,0
1136,0,"w",1,10,0
1030,0,"w",4,18,1
4499,0,"b",4,7,1
3047,0,"w",4,14,1
3704,0,"w",4,3,1
4093,0,"w",4,18,1
3459,0,"b",4,18,1
2016,0,"w",3,4,1
2105,0,"b",4,7,0
2475,0,"b",3,4,1
3794,0,"w",3,7,0
1900,0,"b",4,2,1
4154,0,"b",2,16,1
3662,0,"b",2,2,0
2151,0,"b",4,5,1
1929,0,"b",4,8,1
398,0,"b",3,1,1
2729,0,"w",1,10,0
404,0,"b",4,8,1
2627,1,"b",3,13,1
927,0,"w",4,5,1
898,1,"w",4,5,1
3259,0,"b",4,20,0
2403,0,"w",2,19,0
3592,1,"w",4,6,1
1732,0,"b",3,12,1
4283,0,"w",3,20,1
3556,0,"w",4,6,1
2922,0,"w",4,4,1
367,0,"b",4,7,0
581,0,"b",4,6,1
3735,0,"w",4,8,1
3104,0,"w",4,2,1
3465,0,"b",4,6,1
4621,0,"b",4,9,1
723,0,"b",1,10,0
1019,0,"b",4,7,0
3847,0,"b",4,2,1
889,1,"w",4,14,1
660,0,"b",4,14,1
4786,0,"w",4,15,1
3028,0,"w",3,13,1
172,1,"b",3,11,1
791,0,"w",4,9,1
4099,0,"w",4,8,1
1685,0,"b",2,19,0
4485,0,"b",4,9,1
2362,0,"b",4,7,0
4339,0,"w",4,6,1
1146,0,"b",4,14,1
1004,0,"b",4,2,1
1296,0,"b",4,11,1
1394,0,"b",4,8,1
307,0,"b",4,6,1
4263,0,"b",2,5,1
388,0,"b",4,5,1
4475,1,"w",4,11,1
1596,0,"b",4,6,1
3714,0,"b",3,16,1
2755,0,"w",4,14,1
1253,0,"b",4,8,0
2083,0,"b",4,14,1
3409,0,"w",3,5,1
4367,0,"b",4,26,0
2345,0,"w",4,6,1
321,0,"b",3,3,1
4164,0,"b",4,6,1
1574,1,"w",4,5,1
1542,0,"b",4,18,1
2710,0,"w",4,8,1
839,0,"b",4,6,1
2228,1,"w",4,5,1
819,0,"w",3,21,1
1292,0,"w",3,4,1
1768,0,"b",0,5,1
2035,0,"w",3,9,1
1256,0,"b",4,6,1
3160,0,"w",4,8,1
251,0,"w",4,16,1
1558,0,"w",3,2,0
4780,0,"w",4,25,1
197,0,"b",4,26,0
190,0,"b",4,8,1
1264,0,"b",4,2,1
3914,0,"w",4,4,1
1623,0,"w",3,9,1
221,0,"w",4,11,1
568,0,"b",4,2,1
4247,1,"b",4,2,1
754,0,"w",4,4,1
1909,0,"b",4,5,1
555,0,"w",4,6,1
1142,0,"b",4,7,0
3582,0,"b",4,2,1
1161,0,"b",4,5,1
737,0,"w",3,4,1
2048,0,"b",4,11,1
499,0,"b",4,5,1
787,0,"w",4,8,1
938,0,"w",4,4,1
1613,0,"w",3,6,1
3624,0,"b",4,8,1
2320,1,"b",4,9,1
2047,0,"w",4,6,1
2671,0,"w",3,4,1
3545,0,"w",4,8,0
961,0,"w",4,6,1
3306,0,"b",4,6,0
4785,0,"w",4,6,1
2869,0,"b",0,4,1
2091,0,"b",3,4,1
1152,0,"b",4,8,1
2628,1,"b",3,16,1
888,0,"b",3,4,1
64,0,"w",4,6,0
3195,0,"b",4,7,0
2768,0,"b",4,6,1
4172,0,"b",4,26,0
4436,0,"b",4,15,1
4301,0,"b",3,3,1
611,0,"b",4,12,1
2282,0,"w",4,7,0
117,0,"w",3,5,1
1405,0,"b",4,8,1
4799,0,"w",4,2,1
866,0,"b",3,4,1
3139,0,"b",4,2,1
2928,0,"w",4,12,1
1437,0,"b",3,4,1
2804,0,"b",3,9,1
3543,0,"b",4,7,0
4465,0,"b",4,6,1
4074,1,"b",3,11,1
3041,0,"b",4,6,1
2059,0,"b",4,15,1
816,0,"b",4,4,1
3736,0,"b",4,3,1
2384,1,"w",3,4,1
3715,0,"b",4,6,1
2890,0,"w",3,5,1
4505,0,"b",4,3,1
2870,0,"w",4,4,0
4194,1,"w",2,7,0
2154,0,"w",4,14,1
1785,0,"b",4,7,1
2584,0,"b",4,8,1
2576,0,"w",4,13,1
4314,0,"b",3,16,1
1293,0,"b",4,14,1
1243,0,"b",2,5,1
3080,0,"b",4,5,1
840,0,"b",4,8,1
98,0,"w",4,11,1
298,0,"w",4,7,1
223,0,"b",4,12,1
3472,0,"b",4,8,1
1548,1,"w",3,26,1
2231,0,"b",4,9,1
1514,0,"w",4,14,1
2130,0,"w",3,9,1
4123,0,"b",4,8,1
2327,1,"b",4,6,1
3319,0,"b",3,4,1
544,0,"w",3,9,1
1675,0,"b",4,8,1
1539,0,"w",4,2,1
2817,0,"w",4,4,1
3484,0,"w",4,8,1
457,0,"w",3,21,1
4359,0,"w",4,6,1
3731,0,"w",2,6,0
2531,1,"b",4,6,1
3934,0,"b",4,5,0
1235,0,"b",4,7,1
2262,0,"w",4,6,1
2104,0,"w",3,16,1
3828,0,"w",4,7,0
1913,0,"w",4,8,1
4279,0,"w",2,2,1
2822,0,"w",4,10,1
842,0,"w",4,6,1
80,0,"w",4,10,1
2814,0,"w",4,19,1
1407,1,"b",4,5,1
4431,0,"w",4,3,1
2616,1,"w",4,14,1
4761,0,"b",4,10,1
4186,0,"w",3,4,1
3709,0,"w",4,5,0
2165,1,"b",4,8,0
4617,0,"w",4,5,1
2683,0,"b",3,16,1
4513,0,"b",4,5,1
3237,0,"b",4,18,1
2675,0,"w",3,13,1
884,0,"b",4,7,1
1432,0,"w",2,16,1
1246,0,"b",4,5,1
1709,0,"w",2,16,1
2511,0,"b",4,7,0
804,0,"b",4,15,1
3595,0,"b",4,8,1
4308,0,"w",4,3,1
4572,0,"b",4,8,0
777,0,"w",0,4,1
4480,0,"b",3,2,0
2329,0,"b",4,9,1
4442,0,"w",4,8,1
3338,0,"b",4,7,1
3785,0,"b",3,5,1
3685,0,"w",4,6,1
1368,0,"b",3,3,1
2419,0,"w",4,3,1
1287,0,"w",2,19,0
2414,0,"w",4,5,1
361,0,"w",4,8,0
1907,0,"b",4,6,1
327,0,"b",4,11,1
857,0,"b",4,7,0
2056,0,"b",3,3,1
1895,0,"b",4,8,1
2602,0,"w",4,7,1
2270,0,"w",4,8,1
4297,1,"w",4,10,1
1547,0,"b",4,7,0
1020,0,"b",4,14,1
2708,0,"w",4,6,1
1017,0,"w",4,8,1
1869,0,"w",3,2,1
4776,0,"w",3,8,1
3405,0,"w",4,7,1
3220,0,"w",4,8,1
3695,0,"b",0,4,1
490,0,"w",4,11,1
859,0,"b",4,8,1
3436,0,"w",3,9,1
3808,1,"b",4,2,1
4365,0,"w",4,8,1
1990,0,"w",4,6,1
896,0,"b",4,4,1
1200,0,"w",4,4,1
939,0,"w",4,4,1
2731,0,"w",4,7,0
2930,0,"b",4,7,1
1289,0,"w",2,19,0
3747,0,"w",3,5,1
1780,0,"b",4,14,1
3659,0,"w",4,2,1
1158,0,"b",4,6,1
2332,0,"w",3,9,1
3241,0,"w",4,8,1
4174,0,"b",4,10,1
2679,0,"w",3,1,1
1730,0,"w",3,3,1
4453,0,"b",3,7,1
2124,0,"b",4,6,1
882,0,"w",4,4,1
447,0,"b",4,6,1
2202,1,"b",3,26,1
2846,1,"w",2,13,0
233,0,"w",4,6,1
3020,1,"w",4,9,1
831,0,"w",4,2,1
513,0,"w",4,4,1
1578,0,"b",3,4,1
1212,1,"w",3,19,1
4090,0,"w",4,8,1
3946,0,"w",3,6,1
335,0,"b",3,4,1
3203,0,"b",4,2,1
507,0,"w",4,6,1
3622,0,"b",4,2,1
2815,0,"b",2,10,1
2213,0,"w",3,4,1
3175,0,"b",4,5,1
2428,0,"b",4,5,1
4490,0,"w",1,4,1
1501,0,"w",4,4,1
3430,0,"b",3,12,1
911,1,"w",4,12,1
782,0,"w",4,6,1
4108,0,"w",4,18,1
3397,1,"w",4,4,0
2333,0,"w",4,5,1
700,0,"w",4,2,1
2996,0,"w",4,14,1
2618,0,"w",3,26,1
4039,0,"b",4,8,1
385,0,"w",4,8,0
2875,0,"w",2,4,1
4125,0,"w",4,2,1
472,0,"b",3,11,1
2971,0,"w",4,23,1
3880,0,"b",4,14,1
610,0,"b",3,12,1
3007,0,"b",4,26,0
843,0,"b",4,7,0
4337,0,"w",4,8,1
4067,1,"w",4,7,1
3806,0,"b",4,9,1
3680,0,"b",0,5,1
4740,1,"w",4,6,1
1779,0,"b",0,4,1
3457,0,"b",4,6,1
604,0,"b",0,18,1
1930,0,"w",3,8,1
201,1,"b",4,8,1
3440,0,"w",3,8,1
1553,0,"w",3,4,1
3171,0,"w",1,10,0
4853,0,"w",3,13,1
531,0,"w",3,6,1
2880,0,"b",3,7,1
4195,0,"w",4,7,1
148,0,"w",3,9,1
4049,0,"w",4,11,1
168,0,"b",3,7,1
1662,0,"w",4,6,1
1860,0,"b",4,11,1
2415,0,"b",2,4,1
1668,0,"b",4,7,0
1010,0,"b",4,6,1
3334,0,"b",4,6,1
1640,0,"b",4,4,1
739,0,"w",4,10,1
3108,0,"w",4,8,1
2721,0,"b",4,2,1
214,0,"w",2,6,1
2513,0,"w",4,6,1
4208,0,"b",4,6,1
997,0,"w",2,1,1
3048,0,"b",4,11,1
2689,0,"b",2,16,1
4697,0,"w",4,6,1
2069,0,"w",4,10,1
1993,0,"b",4,8,1
3752,0,"b",4,6,1
1121,0,"b",4,6,1
4767,0,"w",3,5,1
2960,0,"w",4,14,1
3751,0,"w",4,11,1
3174,0,"w",4,7,0
1824,0,"w",4,1,1
4129,1,"b",4,8,0
4832,0,"w",3,4,1
1923,0,"w",3,4,1
607,0,"w",2,6,1
3597,0,"w",4,6,1
294,0,"w",4,7,1
456,0,"w",4,6,1
3930,0,"b",3,19,1
3221,0,"b",4,8,1
2100,1,"b",4,5,1
1262,0,"w",4,8,1
3493,0,"b",2,15,0
952,0,"w",4,6,1
676,0,"b",3,3,1
101,0,"b",4,7,1
2248,0,"w",3,6,1
1591,0,"w",4,3,1
2328,0,"b",1,10,0
1162,0,"b",4,11,1
2444,0,"b",4,14,1
3394,0,"b",3,5,1
493,0,"w",4,5,1
4624,0,"b",4,7,0
2435,0,"w",4,6,1
1540,0,"w",4,8,1
2599,0,"b",4,6,1
1097,0,"b",4,6,1
3807,0,"b",4,6,1
1986,1,"w",4,2,1
1972,0,"w",4,3,1
3345,0,"b",4,5,0
1607,0,"b",3,4,1
163,0,"w",4,21,1
4468,0,"b",4,7,1
2142,0,"w",4,6,1
4278,0,"b",4,3,1
3287,0,"w",4,14,1
3127,0,"w",4,6,1
2464,0,"b",2,16,1
3909,0,"b",4,10,1
4131,0,"w",3,2,0
1694,0,"b",2,16,1
1502,0,"w",4,3,1
1299,0,"b",3,1,1
2478,0,"b",3,4,1
2045,0,"w",4,6,1
3711,0,"w",3,1,1
2214,0,"w",3,26,1
4346,0,"b",4,7,0
2841,0,"w",4,4,0
1260,0,"w",4,8,1
211,1,"w",4,4,1
4407,0,"w",4,7,1
4435,0,"b",4,14,1
3062,0,"b",4,14,1
397,0,"w",4,4,1
4037,0,"w",3,16,1
1029,0,"w",4,6,1
4322,0,"b",4,11,1
3025,0,"w",4,13,1
3229,0,"w",4,7,0
3633,0,"w",4,7,1
4583,0,"w",4,18,1
622,0,"w",4,5,1
2022,0,"b",4,4,1
4471,0,"w",4,6,1
3,0,"b",4,6,1
4707,0,"w",2,5,0
1843,0,"w",3,8,1
3803,0,"b",3,10,1
3323,0,"w",4,6,0
4120,0,"w",4,10,1
2160,0,"w",4,2,1
3647,1,"b",3,3,1
4868,0,"w",4,8,1
996,0,"b",3,5,1
1633,0,"w",4,6,1
1215,0,"b",4,5,1
1818,0,"w",4,4,0
2838,0,"b",4,8,1
1984,0,"w",4,15,1
428,1,"b",4,9,1
2389,0,"w",4,9,1
3843,0,"b",4,14,1
4605,0,"w",4,8,1
3167,0,"b",4,6,1
4141,0,"b",3,13,1
1409,1,"w",3,4,1
4598,0,"b",4,8,1
719,0,"w",4,8,1
928,0,"w",3,6,1
4482,0,"w",4,4,0
2314,0,"w",4,13,1
4747,0,"b",2,3,1
4860,1,"b",4,6,1
238,0,"w",4,4,1
4361,0,"w",3,4,1
2191,0,"w",4,8,1
3979,0,"w",4,8,1
2759,0,"w",4,14,1
4405,0,"w",4,7,0
2117,0,"b",4,6,1
2953,0,"w",4,26,0
3224,0,"w",4,8,1
4097,0,"b",4,26,0
271,1,"w",4,6,1
1068,0,"w",4,21,1
2827,0,"w",4,5,1
957,0,"w",4,11,1
1957,0,"w",4,8,1
2578,0,"w",4,20,0
151,0,"w",4,6,1
1113,1,"w",4,6,1
3260,0,"w",4,26,0
2313,0,"b",3,13,1
1462,0,"w",3,16,1
2737,0,"w",3,4,1
2713,0,"w",4,8,1
2860,0,"b",4,14,1
1796,0,"w",4,4,1
3639,0,"w",4,2,1
3303,0,"w",3,7,1
1267,0,"b",4,7,0
2609,0,"w",4,9,1
4275,0,"b",4,4,1
1018,0,"b",4,8,1
965,0,"b",4,5,1
1454,0,"w",4,4,1
2473,0,"b",4,7,1
846,0,"b",4,8,1
3299,0,"w",3,6,1
4681,0,"w",4,7,1
2145,0,"w",4,14,1
3657,0,"w",4,6,0
34,0,"b",4,6,1
2952,0,"w",4,6,1
4257,0,"w",4,6,1
4307,0,"b",4,15,1
2944,0,"b",4,6,1
3075,0,"w",3,4,1
19,0,"w",4,6,0
4204,0,"w",4,13,1
3262,0,"b",4,14,1
922,0,"b",4,8,1
2070,0,"b",4,2,1
1199,0,"b",2,3,1
2581,0,"b",4,8,1
3063,0,"w",2,16,1
2013,0,"b",3,4,1
1981,0,"b",4,9,1
442,0,"b",4,10,1
2728,0,"w",4,8,0
2458,0,"w",4,26,0
3977,0,"w",2,3,0
2641,0,"b",4,6,1
415,0,"w",4,8,0
4081,0,"w",3,8,0
3791,1,"w",3,8,1
1397,0,"b",4,20,0
925,1,"w",4,21,1
3529,0,"w",4,2,0
853,0,"w",4,6,1
2850,0,"b",0,3,1
2325,1,"w",2,8,0
2390,0,"b",4,8,1
3407,0,"b",4,2,1
1003,0,"b",4,7,0
3278,1,"b",4,5,1
872,0,"b",4,7,1
2257,0,"b",4,4,1
2958,0,"w",4,2,1
4749,0,"b",4,1,1
2949,0,"w",4,14,1
1171,0,"b",3,4,1
2074,0,"w",4,2,1
4080,0,"w",4,5,1
3792,0,"w",4,6,1
4352,0,"w",4,6,1
929,0,"b",4,5,1
4487,0,"b",4,2,1
3852,0,"w",4,8,1
2450,0,"b",4,8,1
4493,0,"b",4,5,1
833,0,"w",4,6,1
2376,1,"b",4,13,1
2150,0,"w",2,3,1
1564,1,"b",2,19,0
126,0,"b",4,9,1
701,0,"w",4,6,1
4725,0,"b",4,4,1
4470,0,"b",4,5,1
1033,0,"b",4,2,1
2828,0,"b",3,9,1
1316,0,"b",4,6,1
2741,0,"w",4,5,1
1392,0,"w",4,6,1
1091,0,"w",3,3,1
2538,0,"b",3,4,1
836,0,"w",4,8,1
4628,0,"b",4,5,1
452,0,"b",4,5,1
5,0,"w",3,22,1
3559,0,"w",4,18,1
3442,0,"w",4,16,1
2568,0,"w",4,6,1
496,0,"w",2,4,0
3114,0,"b",4,7,0
3554,0,"w",4,2,1
3399,0,"b",4,4,1
988,1,"w",3,5,1
2615,1,"b",3,7,1
4417,0,"w",2,2,0
4627,0,"w",4,20,0
2849,1,"w",4,4,0
273,1,"w",4,6,1
1754,0,"b",0,5,1
3920,0,"w",3,7,1
1726,0,"b",3,5,1
4223,0,"b",3,9,1
3699,0,"w",3,4,1
2765,0,"w",3,6,1
29,0,"b",3,7,1
3373,0,"w",4,4,1
1700,0,"w",3,1,1
3427,0,"b",4,15,1
4584,0,"w",4,6,1
2555,0,"w",4,19,1
3999,0,"w",4,11,1
3204,0,"b",4,2,1
590,0,"b",4,9,1
4441,0,"b",4,8,1
2119,0,"w",3,8,1
3168,0,"b",4,6,1
181,0,"b",4,6,1
3830,0,"b",4,6,1
1131,0,"b",2,9,1
291,0,"b",4,6,0
4325,0,"b",3,6,1
320,0,"b",3,6,1
3623,0,"w",4,6,1
3434,0,"b",2,3,1
2801,0,"b",4,5,1
1273,0,"w",4,5,1
419,0,"w",2,18,0
1430,0,"b",4,9,1
876,0,"b",3,5,0
171,0,"b",2,6,1
370,0,"b",4,10,1
2864,0,"b",4,11,1
4463,0,"b",3,7,1
1265,0,"b",4,2,1
2216,0,"b",3,13,1
4245,0,"w",4,3,1
1103,0,"w",4,6,1
1552,0,"b",3,7,1
609,0,"w",4,11,1
1498,1,"w",4,3,1
4160,0,"w",4,2,1
1833,0,"w",3,8,1
2524,0,"b",4,2,1
1090,0,"w",3,5,1
2633,0,"b",4,11,1
2010,1,"b",4,13,1
907,0,"w",3,11,1
712,0,"b",4,8,1
2340,0,"w",4,6,1
4613,0,"b",2,19,0
2383,1,"b",3,2,0
4295,1,"w",4,15,1
1180,0,"b",4,4,1
4387,0,"b",4,6,1
2348,0,"b",4,14,1
1365,0,"b",4,6,1
3379,0,"w",4,7,1
1976,0,"b",4,6,1
4184,0,"b",4,5,0
4057,0,"b",3,3,1
945,0,"b",4,6,1
21,0,"b",4,4,1
2920,0,"b",3,8,1
3643,0,"b",4,4,1
1271,0,"b",4,2,1
4238,0,"w",4,5,1
255,0,"b",3,4,1
1164,1,"w",4,9,1
4708,0,"w",4,10,1
2080,0,"w",4,8,1
2740,0,"b",3,4,1
821,1,"w",3,16,1
2668,0,"w",3,5,0
1102,0,"b",4,6,1
3740,0,"b",2,2,1
215,0,"w",3,7,0
3963,0,"w",3,8,1
3737,0,"w",2,6,0
2046,0,"b",4,14,1
3067,0,"w",2,19,0
4167,0,"w",4,8,1
423,0,"w",4,7,0
1174,0,"w",3,2,1
1252,0,"w",4,7,0
4498,0,"w",4,6,1
3134,0,"w",4,26,0
4133,0,"w",3,14,1
2643,0,"b",4,8,1
650,0,"w",4,11,1
3675,0,"w",4,4,1
1535,0,"b",4,8,1
1345,0,"b",4,7,1
824,0,"b",3,5,1
119,0,"b",3,5,1
2665,1,"b",2,16,1
3223,0,"w",4,8,0
87,0,"w",1,3,1
3945,0,"b",4,5,1
2287,0,"w",4,8,0
2767,0,"w",4,7,1
4350,0,"b",4,2,1
635,0,"b",4,8,1
2966,0,"w",4,7,0
2386,0,"b",4,9,1
1098,0,"b",0,4,1
2256,1,"b",4,2,1
36,0,"w",3,5,1
3640,0,"w",4,4,0
1297,0,"w",3,2,1
2638,0,"b",4,6,1
3424,0,"b",3,6,1
562,0,"b",4,7,0
3040,0,"w",4,13,1
1680,0,"b",4,8,1
2845,1,"w",4,6,0
3569,0,"b",4,2,1
1642,0,"b",4,2,1
1415,0,"w",4,8,1
450,0,"w",4,11,1
94,0,"b",4,2,1
334,0,"w",2,6,1
4770,0,"b",4,5,1
3288,0,"b",4,3,1
2229,1,"w",4,13,1
1689,0,"w",3,16,1
3463,0,"b",4,6,1
229,0,"w",3,4,1
1468,0,"b",4,6,1
646,0,"w",4,5,1
3499,0,"b",4,6,1
4016,0,"b",4,6,1
1911,0,"b",4,2,1
4149,0,"b",4,10,1
2027,1,"w",4,16,1
3573,0,"b",4,7,0
963,0,"b",4,6,1
3161,0,"b",2,8,0
2043,0,"b",4,3,1
1529,1,"b",4,2,1
874,0,"b",4,9,1
577,1,"b",3,26,1
1248,0,"w",3,6,1
4568,0,"w",4,13,1
3884,0,"b",4,6,1
2742,0,"w",3,4,1
1401,0,"b",4,26,0
485,0,"w",4,6,1
2972,1,"b",4,7,0
2482,0,"b",4,13,1
3420,0,"b",3,4,1
2764,0,"b",2,6,1
3471,0,"b",4,7,0
2688,0,"w",4,9,1
2980,0,"b",4,8,1
3694,1,"b",3,18,1
3789,0,"w",3,3,1
3818,0,"b",4,7,0
3024,0,"b",3,13,1
4788,0,"b",4,5,1
3602,0,"b",4,7,1
510,0,"w",4,4,1
4525,0,"w",3,3,1
3948,0,"b",3,5,1
3599,1,"b",4,8,0
1048,0,"b",4,8,1
521,0,"w",4,4,1
1388,0,"b",4,8,1
2898,0,"b",3,3,1
254,0,"b",4,13,1
3455,0,"w",4,11,0
2184,0,"b",4,26,0
3788,0,"b",3,11,1
731,0,"b",3,26,1
1167,0,"w",3,1,1
3189,0,"w",4,7,0
830,0,"w",4,2,1
2825,0,"w",3,8,1
1156,0,"w",4,7,0
2656,0,"w",4,7,0
2226,0,"w",4,11,1
409,0,"b",3,4,1
1318,0,"b",2,4,1
2548,0,"b",3,2,0
3307,0,"w",3,13,1
3845,0,"w",4,18,1
3294,0,"b",4,6,0
2235,0,"b",4,10,1
1184,0,"w",2,19,0
3618,0,"b",4,8,1
1899,0,"b",4,2,1
156,0,"w",4,7,1
498,0,"b",4,8,1
2424,0,"w",4,6,0
244,0,"w",4,7,0
243,0,"b",4,5,1
4419,0,"w",4,15,1
4654,0,"b",3,4,1
3130,0,"b",4,11,1
4292,0,"w",3,3,1
4338,0,"w",4,2,1
2234,1,"w",4,14,1
2181,0,"w",4,7,0
2499,0,"w",4,5,1
1261,0,"b",4,20,0
934,0,"b",3,10,1
366,0,"w",4,6,1
3050,0,"b",4,6,1
2655,0,"w",4,7,0
4217,0,"b",3,7,1
3607,0,"b",4,8,1
203,0,"w",3,9,1
66,0,"b",4,6,1
3193,0,"b",4,8,0
4231,0,"b",4,4,1
4637,0,"b",4,7,0
4274,0,"w",4,3,1
340,0,"w",2,4,0
78,0,"b",3,11,1
3615,0,"w",4,8,1
357,0,"w",4,7,0
4630,0,"w",4,13,1
1717,0,"b",3,13,1
206,0,"b",4,15,1
200,0,"b",1,10,0
4577,0,"b",4,6,1
3652,0,"b",3,7,1
738,0,"b",2,19,0
3515,0,"b",4,7,0
4500,0,"b",4,4,1
1352,0,"w",4,6,1
671,0,"w",3,2,1
2359,0,"w",4,8,0
245,0,"b",4,9,0
174,0,"w",4,8,1
3290,0,"b",4,6,1
800,0,"b",4,4,1
4011,0,"w",4,2,1
4623,0,"w",4,2,1
3813,0,"w",4,2,1
2868,0,"b",4,7,1
3712,0,"b",4,7,0
4727,0,"w",4,2,1
1706,0,"b",4,9,1
3504,0,"b",4,10,1
2378,0,"w",3,7,1
1959,0,"b",4,10,1
4634,0,"w",4,9,1
3570,0,"w",4,6,1
3692,1,"b",4,3,1
3035,0,"w",4,11,1
3855,0,"w",4,6,1
4826,0,"b",2,16,1
533,0,"b",3,4,1
4145,0,"w",4,7,0
1816,1,"b",4,7,1
811,0,"w",3,6,1
4222,0,"b",4,13,1
192,0,"w",4,18,1
2758,0,"b",4,10,1
603,0,"b",4,10,1
1651,0,"w",3,9,1
3142,0,"w",4,6,1
1469,0,"w",3,16,1
109,0,"b",4,6,0
1810,0,"w",4,2,1
1357,0,"b",4,6,1
1362,0,"b",4,6,1
2921,0,"b",3,6,1
2175,0,"b",4,8,1
289,0,"w",4,15,1
1488,0,"b",4,6,1
1504,0,"b",4,2,1
35,0,"w",2,4,0
4474,0,"b",4,2,1
4700,1,"w",4,6,1
971,0,"b",4,3,1
2565,0,"b",4,6,1
4341,0,"b",4,7,0
1867,0,"b",0,4,1
2545,0,"b",4,7,1
2309,0,"w",3,7,1
1440,0,"b",4,9,1
295,0,"b",4,6,1
1713,1,"w",3,7,1
1150,0,"b",2,8,0
3739,0,"w",4,10,1
2724,0,"b",4,13,1
733,0,"b",3,13,1
3199,0,"w",4,8,1
413,0,"b",4,5,1
2607,0,"w",3,16,1
4211,0,"w",3,8,1
2172,0,"b",4,18,1
572,0,"b",4,6,1
2989,0,"b",4,6,1
596,1,"w",3,7,1
2131,0,"w",4,4,1
2793,0,"w",3,9,1
4425,0,"w",4,4,1
674,0,"b",4,5,1
3810,0,"w",4,8,1
113,0,"w",2,23,1
1756,0,"w",4,5,0
3233,0,"w",4,7,0
4574,0,"b",4,2,1
3578,0,"b",4,2,1
3690,0,"b",4,5,0
4013,0,"b",4,3,1
1996,0,"b",4,6,1
2632,0,"w",4,6,0
3102,0,"b",4,6,1
407,0,"w",4,7,0
1312,1,"w",4,6,1
1600,0,"b",3,21,1
2786,0,"b",3,16,1
3166,0,"w",4,2,1
4237,0,"b",4,5,1
1305,0,"b",2,16,1
2417,0,"b",4,5,1
3367,0,"b",4,6,1
2025,0,"b",4,15,1
258,0,"w",4,4,1
1452,0,"b",4,8,1
785,0,"w",2,4,1
2138,0,"w",4,4,1
4726,1,"w",4,4,1
2220,0,"b",3,1,1
1125,0,"b",4,5,1
4721,0,"w",4,6,1
2190,0,"w",4,8,1
4269,0,"w",4,6,1
494,0,"w",4,9,1
1649,0,"w",3,5,1
2060,0,"w",3,6,1
2342,0,"w",4,2,1
3183,0,"w",4,11,1
127,1,"b",4,9,1
2168,0,"w",4,14,1
1122,0,"w",4,6,1
3910,0,"w",1,10,0
1247,0,"b",4,9,1
4124,0,"b",4,6,1
2367,0,"b",4,18,1
69,0,"b",4,8,1
316,0,"b",4,5,0
3477,0,"b",4,14,1
3115,0,"b",4,8,1
705,0,"b",4,10,1
4835,0,"w",4,6,1
471,0,"w",4,11,1
3875,0,"w",4,14,1
4733,0,"w",4,9,1
1579,0,"b",4,8,1
2669,0,"b",4,7,0
4805,0,"b",4,6,1
1828,0,"b",4,3,1
1285,0,"w",4,7,0
1008,0,"w",4,6,1
1573,0,"w",3,4,0
3406,0,"w",4,6,0
4242,1,"b",4,2,1
3126,0,"b",4,20,0
480,1,"w",4,4,1
514,0,"b",3,6,1
3667,0,"w",3,7,1
2453,0,"b",4,7,0
475,1,"b",3,20,1
3376,0,"b",4,3,1
4084,0,"b",2,3,1
1643,0,"b",4,4,1
2981,0,"b",4,7,0
714,0,"b",4,7,0
2312,0,"b",3,4,1
49,0,"w",4,4,1
4696,0,"b",4,6,1
1905,0,"b",4,8,0
4331,0,"b",4,21,1
3838,0,"w",4,26,0
1334,1,"b",4,7,1
3234,0,"b",4,10,1
3032,0,"w",3,16,1
557,0,"b",4,2,1
2663,0,"w",3,16,1
3296,0,"w",4,5,0
2539,0,"b",3,1,1
3371,1,"w",2,4,0
3696,1,"w",3,8,1
1497,0,"b",4,11,1
4695,0,"w",4,6,0
3029,0,"b",4,13,1
943,0,"w",4,6,0
1773,0,"w",4,5,0
390,0,"b",4,13,1
1873,0,"w",3,6,1
71,0,"w",4,5,0
3932,0,"b",4,3,1
2153,0,"w",4,7,0
2634,0,"b",4,6,1
2736,0,"b",3,2,0
620,0,"w",3,11,1
1123,0,"w",2,3,1
4087,0,"b",4,14,1
3738,0,"b",3,6,1
3762,0,"b",4,4,1
4461,0,"b",1,4,1
798,0,"w",4,4,1
3150,0,"w",4,8,1
1725,0,"w",4,4,1
1635,0,"w",3,4,1
744,0,"w",4,4,1
3148,0,"b",4,18,1
4495,0,"b",4,4,1
177,0,"w",2,8,0
3825,0,"w",4,8,1
4540,0,"w",4,4,1
3004,0,"b",4,2,1
1705,0,"w",3,7,1
2344,0,"w",4,6,1
630,0,"w",4,6,1
281,0,"b",4,3,1
4518,0,"w",3,5,1
1562,1,"w",4,8,1
4800,0,"w",4,7,0
3925,0,"b",4,4,1
154,0,"b",2,6,1
4508,0,"b",3,4,1
2973,0,"b",4,26,0
4713,0,"b",4,6,0
1041,0,"b",2,16,1
4062,0,"w",4,7,1
3663,0,"w",4,15,1
130,0,"w",3,8,1
4489,0,"w",4,3,1
3617,0,"w",4,6,1
4281,0,"b",3,2,1
1512,0,"w",3,3,1
2661,0,"b",3,16,1
2510,0,"b",4,5,1
3023,0,"w",3,7,1
4571,0,"w",4,2,1
274,0,"b",4,6,1
1144,0,"w",4,6,1
4650,0,"w",4,7,1
3071,0,"w",2,19,0
88,0,"b",4,3,1
2956,0,"b",4,8,1
1228,0,"b",4,5,1
3835,0,"w",4,8,1
703,0,"w",4,10,1
3481,0,"b",4,7,0
25,0,"w",4,3,1
2791,0,"b",4,12,1
2991,0,"w",4,14,1
4375,0,"w",3,16,1
489,0,"w",3,10,1
41,0,"w",4,5,1
4179,0,"w",4,11,1
3800,0,"b",4,13,1
566,0,"w",4,7,0
860,0,"b",4,2,1
343,0,"w",4,12,1
3242,0,"b",4,2,1
868,0,"b",2,16,1
683,0,"w",3,16,1
1834,0,"b",4,4,1
4353,0,"w",4,18,1
2907,0,"b",3,16,1
4491,0,"b",4,1,1
4765,0,"w",4,5,1
3905,0,"b",4,8,0
3164,0,"w",4,10,1
1585,0,"w",4,4,1
4218,0,"b",1,4,1
2315,0,"w",3,5,0
3478,0,"w",4,18,1
4541,0,"w",3,3,0
2894,1,"w",4,4,0
2506,0,"b",4,6,1
1154,0,"b",4,8,1
2610,0,"w",3,5,0
1863,0,"b",2,6,1
2723,0,"w",4,10,1
1995,0,"b",4,7,0
2879,0,"w",4,7,1
1743,0,"b",3,7,1
4532,0,"w",3,21,1
3768,0,"w",3,21,1
2750,0,"b",4,9,1
3947,0,"w",4,5,1
1242,0,"w",4,12,1
408,0,"b",4,6,1
4151,0,"w",3,13,1
636,0,"w",4,7,1
2509,0,"w",4,5,1
4026,0,"w",4,5,1
3969,0,"w",4,6,0
1268,0,"w",4,7,0
2757,0,"w",4,10,1
3382,1,"w",4,4,0
3057,0,"w",4,6,1
3563,0,"b",4,8,1
2831,0,"w",4,5,1
4006,0,"w",4,4,0
2648,0,"b",4,6,1
3575,0,"w",4,8,1
3274,0,"b",3,4,1
4138,0,"w",4,2,1
2118,0,"w",4,8,1
3309,0,"b",4,10,1
3786,0,"b",4,4,0
1258,0,"w",4,7,0
4413,0,"b",2,3,1
3795,0,"w",4,10,1
1369,0,"w",4,5,1
1782,0,"w",4,5,0
4772,0,"b",2,3,1
1216,0,"w",3,5,1
20,0,"b",2,8,0
1928,0,"w",3,9,1
466,0,"w",3,8,1
2495,0,"b",3,5,1
2396,1,"w",4,11,1
4256,0,"b",2,5,0
3206,0,"w",4,7,0
3544,0,"w",4,6,1
3989,0,"w",1,4,1
3321,0,"b",4,5,1
3716,1,"w",4,4,0
3402,0,"b",3,3,1
2001,0,"b",4,2,1
968,0,"b",4,6,1
3129,0,"b",4,14,1
