"...1","call","race","education","yearsexp","computerskills"
3742,0,"b",3,4,1
4601,0,"b",4,10,1
1510,0,"b",4,5,1
1346,0,"w",3,5,1
1840,0,"w",2,3,1
1242,0,"w",4,12,1
1616,0,"b",3,7,1
4295,1,"w",4,15,1
2887,0,"b",4,3,1
2233,0,"w",4,20,0
1698,0,"b",4,11,1
2728,0,"w",4,8,0
982,0,"w",4,11,1
2138,0,"w",4,4,1
2140,0,"b",4,2,1
2064,0,"b",4,7,0
3572,0,"w",4,7,1
225,0,"b",4,5,1
1409,1,"w",3,4,1
365,0,"b",4,6,1
2144,0,"b",4,6,1
1465,0,"w",3,5,1
1737,0,"b",4,11,1
2974,0,"b",4,6,1
725,0,"b",4,8,1
3613,1,"w",4,7,0
2611,0,"b",3,2,0
4227,0,"w",4,4,1
848,0,"b",4,8,1
689,0,"w",4,6,1
4544,0,"w",4,4,1
4539,0,"b",4,4,1
3103,0,"b",4,6,1
3062,0,"b",4,14,1
4596,0,"w",4,26,0
764,0,"b",4,12,1
1902,0,"w",4,7,0
2794,0,"b",4,9,1
3262,0,"b",4,14,1
3229,0,"w",4,7,0
4627,0,"w",4,20,0
1391,0,"w",4,7,0
2288,0,"b",4,8,0
3762,0,"b",4,4,1
4155,0,"w",4,7,0
1897,0,"w",4,10,1
956,0,"b",4,4,1
3156,0,"w",4,3,1
4159,0,"b",4,6,1
4036,0,"b",4,6,0
4823,0,"w",4,9,1
4846,0,"w",4,5,1
3075,0,"w",3,4,1
4346,0,"b",4,7,0
1283,0,"b",3,7,1
4751,0,"w",4,12,1
1641,0,"w",4,6,1
2261,0,"b",4,6,1
254,0,"b",4,13,1
3482,0,"w",4,6,1
856,0,"b",4,7,0
358,0,"w",4,8,1
2555,0,"w",4,19,1
128,1,"w",3,5,0
1579,0,"b",4,8,1
4284,0,"b",3,2,1
3359,1,"b",4,6,1
3923,0,"b",3,10,1
1564,1,"b",2,19,0
1144,0,"w",4,6,1
782,0,"w",4,6,1
1339,0,"w",4,5,1
3448,0,"w",4,26,0
2145,0,"w",4,14,1
3845,0,"w",4,18,1
4111,0,"w",4,8,1
1906,0,"w",4,6,1
3004,0,"b",4,2,1
2395,0,"b",4,8,1
844,0,"b",4,6,1
712,0,"b",4,8,1
279,0,"b",4,8,1
473,1,"w",4,21,1
4140,0,"b",3,13,1
364,0,"w",4,2,1
1632,0,"b",4,5,0
4136,0,"b",4,8,1
4067,1,"w",4,7,1
1110,0,"w",4,4,1
3718,0,"w",4,11,1
3862,0,"b",4,8,1
3679,0,"w",4,5,0
4391,0,"w",4,14,1
2964,0,"b",4,2,1
3196,0,"b",4,2,1
1062,0,"w",4,10,1
456,0,"w",4,6,1
3059,0,"b",4,2,1
436,0,"b",3,16,1
1729,0,"b",0,4,1
3292,0,"b",3,7,1
3668,0,"w",4,7,0
3731,0,"w",2,6,0
4496,0,"w",4,4,1
3684,0,"w",4,11,1
4516,0,"b",3,2,1
1743,0,"b",3,7,1
45,0,"b",4,5,1
3418,0,"w",3,5,1
1180,0,"b",4,4,1
3095,0,"w",4,20,0
3992,0,"b",4,4,0
2229,1,"w",4,13,1
1539,0,"w",4,2,1
3054,0,"w",4,8,1
1774,0,"w",4,6,1
382,0,"w",3,4,1
4675,0,"w",3,8,1
71,0,"w",4,5,0
2172,0,"b",4,18,1
3759,0,"w",3,16,1
2415,0,"b",2,4,1
3392,0,"b",2,5,0
3274,0,"b",3,4,1
1204,0,"w",2,6,1
1758,0,"w",0,4,1
3616,0,"w",4,7,0
3358,0,"w",4,4,0
1367,0,"w",4,6,1
519,0,"w",3,5,1
3424,0,"b",3,6,1
4054,0,"b",4,4,1
3434,0,"b",2,3,1
883,0,"b",4,7,0
4260,0,"w",4,6,1
1241,0,"w",4,21,1
1769,0,"b",3,9,1
515,0,"w",4,7,1
4489,0,"w",4,3,1
4611,0,"w",3,5,0
291,0,"b",4,6,0
270,1,"b",4,11,1
15,0,"b",4,5,0
4358,0,"w",4,26,0
724,0,"b",4,2,1
1563,0,"b",3,4,1
2433,0,"w",4,8,1
1992,0,"w",4,7,0
2897,1,"w",4,22,1
3775,0,"w",4,3,1
1920,0,"b",4,4,1
3097,0,"w",4,8,0
2305,0,"b",3,5,0
4064,0,"w",4,2,1
2131,0,"w",4,4,1
3972,0,"w",4,6,0
3241,0,"w",4,8,1
514,0,"b",3,6,1
2426,0,"b",4,7,1
631,0,"w",3,7,1
4061,0,"b",4,11,1
248,1,"w",4,10,1
949,0,"b",0,2,1
795,0,"b",4,5,1
1029,0,"w",4,6,1
737,0,"w",3,4,1
585,0,"b",1,10,0
2834,0,"w",4,6,1
3099,0,"w",4,6,1
4304,0,"w",3,6,1
2178,0,"w",4,8,0
4352,0,"w",4,6,1
2338,0,"w",4,6,1
4371,0,"b",4,8,1
1889,0,"b",3,4,1
4215,0,"w",4,6,1
4565,0,"w",4,18,1
3465,0,"b",4,6,1
2765,0,"w",3,6,1
126,0,"b",4,9,1
1279,1,"w",4,9,1
1398,0,"w",4,13,1
4810,0,"w",4,8,0
3529,0,"w",4,2,0
1227,0,"w",4,7,1
3575,0,"w",4,8,1
3157,1,"w",4,4,1
4807,0,"b",4,6,1
3932,0,"b",4,3,1
2948,0,"w",4,8,1
2963,0,"b",4,18,1
2359,0,"w",4,8,0
4493,0,"b",4,5,1
4005,0,"b",4,8,1
1022,0,"b",4,26,0
294,0,"w",4,7,1
3452,0,"b",4,26,0
2903,0,"w",4,4,0
1664,0,"b",4,7,0
2530,0,"w",4,7,0
3994,0,"b",4,3,1
2241,0,"b",2,5,1
675,0,"w",3,3,1
2879,0,"w",4,7,1
3859,0,"b",4,6,1
1826,0,"b",1,4,1
1335,0,"w",4,13,1
513,0,"w",4,4,1
838,0,"b",4,7,0
4254,0,"w",4,6,1
729,0,"w",3,7,1
2809,0,"b",3,13,1
1812,0,"w",4,6,1
2385,0,"b",3,13,1
2782,0,"b",4,4,1
3000,0,"b",4,8,1
4585,0,"b",4,6,1
789,0,"w",4,7,0
545,0,"b",4,8,1
1166,1,"b",4,14,1
4451,0,"w",4,5,1
4400,0,"b",3,13,1
82,0,"w",4,4,1
47,0,"w",0,4,1
1838,0,"w",3,5,1
1140,0,"b",4,8,1
3979,0,"w",4,8,1
3600,1,"w",4,8,1
2800,0,"b",3,5,1
3257,1,"w",4,18,1
708,0,"b",4,8,0
2066,0,"w",4,8,1
659,0,"w",4,6,1
4703,0,"b",4,6,1
1833,0,"w",3,8,1
2042,0,"w",4,2,1
2862,0,"w",4,6,1
2924,0,"b",2,19,0
1702,1,"b",2,16,1
520,0,"b",3,6,1
125,0,"b",2,4,0
4426,0,"b",2,4,1
234,0,"w",3,6,1
17,0,"w",4,5,0
370,0,"b",4,10,1
4637,0,"b",4,7,0
414,1,"w",4,20,0
1581,1,"w",4,10,1
2342,0,"w",4,2,1
3728,0,"w",4,5,1
2085,0,"w",4,5,1
1435,1,"w",3,2,0
564,0,"b",4,8,1
4443,0,"w",3,8,1
3688,0,"b",3,5,1
1522,0,"w",4,7,0
1537,0,"w",4,8,1
3777,0,"w",4,4,1
1297,0,"w",3,2,1
1273,0,"w",4,5,1
981,0,"w",4,6,1
1069,0,"b",3,6,1
562,0,"b",4,7,0
2568,0,"w",4,6,1
240,0,"b",4,5,1
207,0,"w",4,5,1
3240,0,"w",4,14,1
4405,0,"w",4,7,0
3174,0,"w",4,7,0
1027,0,"w",4,8,1
2884,1,"w",4,4,0
4114,0,"b",4,26,0
1219,0,"b",3,7,1
3209,0,"w",4,6,1
4624,0,"b",4,7,0
2863,0,"w",4,6,1
2787,0,"w",4,16,1
3451,0,"w",4,2,1
1358,0,"w",4,6,1
3609,0,"w",4,7,0
297,0,"w",4,7,1
3141,0,"b",4,7,0
3640,0,"w",4,4,0
222,0,"w",4,10,1
235,0,"b",3,4,1
2147,0,"b",4,6,1
2118,0,"w",4,8,1
1274,0,"b",4,6,1
600,0,"b",3,13,1
4817,0,"w",4,7,0
1777,0,"b",4,5,0
1652,0,"b",3,7,1
2447,0,"w",4,2,1
2771,0,"w",4,6,1
505,0,"b",4,6,1
1158,0,"b",4,6,1
4459,0,"w",4,5,0
2556,0,"b",4,2,1
3930,0,"b",3,19,1
133,0,"w",4,5,0
1437,0,"b",3,4,1
3283,0,"w",2,3,0
3210,0,"w",4,7,0
474,0,"b",4,19,1
3501,0,"w",4,8,1
3496,0,"w",4,7,0
2894,1,"w",4,4,0
263,0,"w",4,7,1
57,0,"w",4,21,1
4663,0,"w",4,5,1
1084,0,"w",4,4,1
2319,1,"w",4,14,1
3104,0,"w",4,2,1
4274,0,"w",4,3,1
2102,0,"w",3,4,1
178,0,"w",4,26,0
4450,0,"w",4,5,0
3332,0,"b",4,4,1
1388,0,"b",4,8,1
3364,0,"b",4,3,1
4832,0,"w",3,4,1
2759,0,"w",4,14,1
4385,0,"w",4,7,0
1866,0,"w",2,4,0
1948,0,"b",4,19,1
642,0,"w",4,6,0
43,0,"w",4,7,1
4837,0,"w",4,2,1
3067,0,"w",2,19,0
3661,0,"w",2,6,1
2877,0,"w",4,6,1
625,0,"w",2,3,1
1172,1,"w",2,18,0
3926,0,"w",4,4,1
51,0,"b",4,6,1
3826,0,"b",4,7,0
3623,0,"w",4,6,1
1190,0,"w",4,4,1
1937,0,"w",3,7,1
1919,0,"w",4,7,1
4616,0,"b",4,8,0
4688,0,"w",4,7,1
3042,0,"b",4,6,1
1640,0,"b",4,4,1
1365,0,"b",4,6,1
3066,0,"w",3,1,1
4418,0,"b",4,4,1
421,0,"w",4,8,1
4129,1,"b",4,8,0
1334,1,"b",4,7,1
3073,0,"b",4,14,1
1308,0,"b",3,4,1
4599,0,"b",4,8,1
741,0,"w",4,18,0
4724,0,"b",4,7,1
1249,0,"w",4,18,1
1895,0,"b",4,8,1
4510,0,"b",3,5,1
1886,0,"w",4,4,1
2271,0,"w",4,7,0
1155,0,"w",4,6,1
4363,1,"b",3,2,1
3756,0,"w",4,22,1
3563,0,"b",4,8,1
1890,0,"b",3,6,0
4414,0,"w",3,5,1
4476,0,"b",4,11,1
2517,0,"w",4,6,1
1756,0,"w",4,5,0
1294,0,"w",4,5,1
2942,0,"w",3,3,0
4186,0,"w",3,4,1
416,0,"b",4,13,1
2163,0,"b",4,26,0
3442,0,"w",4,16,1
4181,0,"w",3,10,1
687,0,"b",4,15,1
3384,1,"b",3,5,1
1211,0,"w",2,19,1
2414,0,"w",4,5,1
3681,0,"w",4,11,1
298,0,"w",4,7,1
2986,0,"w",4,3,1
3388,0,"b",4,9,1
2412,0,"w",3,9,1
35,0,"w",2,4,0
952,0,"w",4,6,1
3353,0,"w",4,6,1
3800,0,"b",4,13,1
4053,0,"b",3,2,1
1913,0,"w",4,8,1
2410,0,"w",4,8,1
1328,0,"b",2,10,1
1454,0,"w",4,4,1
1901,0,"w",4,2,1
276,0,"w",4,6,1
4386,0,"w",4,2,1
4065,0,"w",4,4,1
2741,0,"w",4,5,1
3428,0,"w",3,9,1
1196,0,"b",4,5,1
3395,0,"b",4,2,1
4069,0,"b",4,6,1
4733,0,"w",4,9,1
1246,0,"b",4,5,1
766,1,"w",4,11,1
3217,0,"b",4,6,1
4612,1,"w",4,9,1
1572,0,"w",4,9,1
3817,0,"b",4,8,1
4156,0,"b",4,2,1
1993,0,"b",4,8,1
1626,0,"b",4,11,1
4480,0,"b",3,2,0
3942,0,"b",3,6,1
2388,0,"w",4,11,1
4707,0,"w",2,5,0
875,0,"w",2,19,0
2282,0,"w",4,7,0
4543,0,"w",3,2,1
993,0,"w",3,4,1
1547,0,"b",4,7,0
4096,0,"b",4,7,0
1553,0,"w",3,4,1
4798,0,"w",4,2,1
2019,0,"w",4,7,0
52,0,"w",4,6,1
4429,0,"w",4,6,0
4642,0,"w",3,5,1
902,0,"b",4,7,1
4170,0,"w",4,6,1
3643,0,"b",4,4,1
1479,0,"b",3,6,1
1679,0,"w",4,6,1
1594,0,"w",3,8,1
1753,0,"w",4,7,1
1151,0,"b",4,6,1
3065,0,"b",4,9,1
1477,0,"w",2,4,1
1590,1,"b",3,4,1
1009,1,"w",4,2,1
4683,0,"b",4,7,1
2228,1,"w",4,5,1
1583,1,"w",2,8,0
2815,0,"b",2,10,1
1851,0,"b",3,3,1
1345,0,"b",4,7,1
2635,0,"w",4,11,1
2833,0,"b",4,5,0
4584,0,"w",4,6,1
3340,0,"b",4,12,1
1847,0,"b",4,2,1
2817,0,"w",4,4,1
2659,0,"b",4,7,1
3797,0,"b",4,11,1
2676,0,"b",4,9,1
1700,0,"w",3,1,1
4174,0,"b",4,10,1
285,0,"b",4,4,1
3769,0,"b",4,9,1
4394,0,"w",4,8,1
445,0,"b",3,5,1
2804,0,"b",3,9,1
3545,0,"w",4,8,0
4147,0,"w",4,8,0
2245,0,"b",4,4,1
2466,0,"w",3,2,1
4486,0,"b",4,5,1
194,0,"b",4,14,1
170,0,"w",4,6,1
3175,0,"b",4,5,1
2030,0,"w",4,8,1
4314,0,"b",3,16,1
504,0,"b",4,6,1
1082,0,"w",3,9,1
2828,0,"b",3,9,1
2087,0,"b",3,13,1
1738,1,"w",4,11,1
4203,0,"w",3,12,1
3436,0,"w",3,9,1
3357,0,"b",3,5,1
2113,0,"w",4,8,1
3559,0,"w",4,18,1
3839,0,"b",4,18,1
274,0,"b",4,6,1
2929,0,"w",3,21,1
2094,1,"b",3,16,1
1112,0,"b",4,4,1
4076,0,"b",2,7,1
3585,0,"w",4,26,0
55,0,"w",2,5,0
2526,0,"b",4,8,0
2706,0,"b",4,6,1
4582,0,"w",4,7,0
796,0,"w",4,9,1
435,0,"b",4,7,0
2733,1,"w",2,16,1
4166,0,"b",4,2,1
356,0,"b",4,6,1
2907,0,"b",3,16,1
653,0,"w",4,6,1
3290,0,"b",4,6,1
3394,0,"b",3,5,1
2934,0,"w",3,12,0
957,0,"w",4,11,1
3533,0,"b",4,6,1
4862,1,"w",4,7,0
4555,0,"w",4,5,1
4353,0,"w",4,18,1
3873,0,"b",4,2,1
302,0,"w",3,3,1
1053,0,"b",3,5,1
1370,0,"b",4,4,1
1504,0,"b",4,2,1
1288,0,"b",3,4,1
3948,0,"b",3,5,1
2970,0,"b",4,2,1
2691,0,"b",3,13,1
2593,0,"b",4,6,1
3666,0,"b",4,11,1
4108,0,"w",4,18,1
9,0,"b",4,3,1
3206,0,"w",4,7,0
3917,0,"b",2,1,1
4218,0,"b",1,4,1
662,0,"b",4,6,1
561,0,"b",4,7,0
4043,0,"b",3,4,1
1667,0,"b",4,8,1
2721,0,"b",4,2,1
1947,0,"w",4,13,1
4698,0,"b",3,4,1
3604,0,"b",4,8,1
1862,0,"b",3,4,1
2442,0,"w",4,18,1
1621,0,"w",4,5,1
4767,0,"w",3,5,1
465,0,"b",4,6,1
3390,0,"w",4,5,0
3235,0,"w",4,6,1
2542,1,"b",3,26,1
2536,0,"b",2,19,0
4152,0,"b",4,11,1
589,0,"w",4,14,1
4408,0,"b",4,4,1
4336,1,"b",4,8,1
2922,0,"w",4,4,1
462,0,"w",4,4,1
3236,0,"w",4,8,1
2192,0,"b",4,7,0
915,0,"w",4,6,1
1935,1,"b",4,7,1
2648,0,"b",4,6,1
3820,0,"w",4,8,1
2108,0,"b",3,16,1
4225,0,"w",4,4,1
2180,0,"w",4,8,1
3656,0,"w",4,7,1
3692,1,"b",4,3,1
881,0,"w",4,6,1
4786,0,"w",4,15,1
3254,0,"w",4,8,1
1538,0,"w",4,7,0
4101,0,"b",4,7,0
4487,0,"b",4,2,1
3790,0,"b",3,6,1
3329,0,"b",4,6,0
268,1,"w",4,4,0
1050,0,"b",4,13,1
1980,0,"b",3,3,1
2469,1,"w",3,4,1
862,0,"w",3,13,1
868,0,"b",2,16,1
638,0,"b",4,4,1
858,0,"b",4,6,1
3751,0,"w",4,11,1
1596,0,"b",4,6,1
422,0,"b",4,6,1
113,0,"w",2,23,1
1620,0,"b",4,7,1
2423,0,"w",4,5,1
3807,0,"b",4,6,1
2614,1,"b",4,13,1
2799,0,"b",0,5,1
3032,0,"w",3,16,1
4650,0,"w",4,7,1
2419,0,"w",4,3,1
2013,0,"b",3,4,1
1408,1,"w",4,7,0
2272,0,"w",4,2,1
1041,0,"b",2,16,1
1364,0,"w",4,6,1
1399,0,"w",4,2,1
4809,0,"b",4,7,0
3464,0,"b",4,10,1
722,0,"w",4,8,1
3822,0,"b",4,8,1
3629,1,"w",4,7,1
579,0,"b",3,4,1
2693,1,"w",4,9,1
4670,0,"w",3,6,1
205,0,"w",4,12,1
3982,0,"b",4,7,1
325,0,"w",4,7,1
216,0,"w",4,3,1
4535,0,"w",2,6,0
1037,0,"b",4,7,0
350,0,"b",3,3,1
4718,0,"b",3,14,1
4789,1,"w",4,12,1
2727,0,"w",4,7,0
150,0,"b",3,8,1
792,0,"b",4,7,1
2162,0,"b",4,2,1
2951,1,"w",4,6,1
3970,0,"b",4,5,0
818,0,"b",4,16,1
2212,0,"w",3,5,0
3200,0,"w",4,6,1
1516,0,"w",4,11,1
4045,0,"b",3,6,1
4623,0,"w",4,2,1
3471,0,"b",4,7,0
1221,0,"w",4,7,1
1733,0,"w",2,6,1
1319,0,"w",4,4,1
2825,0,"w",3,8,1
3699,0,"w",3,4,1
4640,0,"b",4,6,1
1324,0,"b",4,10,1
2001,0,"b",4,2,1
2069,0,"w",4,10,1
3558,0,"b",4,26,0
4672,0,"w",3,8,1
676,0,"b",3,3,1
2554,0,"b",4,4,1
1860,0,"b",4,11,1
2636,0,"w",4,6,1
1928,0,"w",3,9,1
3995,0,"w",4,6,1
1203,0,"b",4,7,1
2719,0,"w",4,7,0
572,0,"b",4,6,1
954,0,"b",4,6,1
3936,0,"b",4,5,0
4494,0,"w",4,5,1
2327,1,"b",4,6,1
2202,1,"b",3,26,1
3381,0,"w",4,5,1
3675,0,"w",4,4,1
1633,0,"w",4,6,1
1472,0,"w",4,15,1
3554,0,"w",4,2,1
3768,0,"w",3,21,1
1247,0,"b",4,9,1
695,0,"b",4,6,1
2914,0,"b",4,4,1
1740,0,"b",4,11,1
4779,0,"w",4,2,1
736,1,"b",3,13,1
4710,0,"b",4,6,1
3188,0,"w",4,8,1
449,0,"w",3,3,1
1330,0,"b",4,11,0
871,0,"w",3,18,1
2918,0,"b",3,8,1
4123,0,"b",4,8,1
3287,0,"w",4,14,1
2201,0,"w",3,2,1
2670,1,"w",3,4,1
1426,0,"b",3,4,1
2079,0,"w",4,18,1
1383,0,"w",4,14,1
1907,0,"b",4,6,1
2900,0,"b",4,2,1
3026,0,"b",4,14,1
1187,1,"w",4,7,0
2281,0,"b",4,7,0
3091,0,"w",4,8,1
870,0,"b",4,9,1
1495,1,"w",4,10,1
598,0,"w",4,14,1
4070,0,"b",3,5,1
2931,0,"w",3,12,1
162,0,"b",4,5,1
3378,0,"b",4,2,1
3551,0,"b",4,8,1
3506,0,"w",4,8,1
758,0,"b",3,3,1
1434,0,"b",3,5,0
2176,0,"w",4,6,1
1071,0,"b",4,4,1
1825,0,"w",2,4,0
804,0,"b",4,15,1
2558,0,"b",4,7,1
898,1,"w",4,5,1
1312,1,"w",4,6,1
4272,0,"b",4,6,1
4305,0,"b",4,11,1
3492,1,"w",4,26,0
1515,0,"b",2,11,1
3215,0,"w",4,2,1
1834,0,"b",4,4,1
4378,0,"b",4,6,1
246,0,"w",4,7,1
3264,0,"b",4,8,1
1653,0,"w",3,8,1
615,0,"b",4,7,1
1846,1,"w",4,7,1
450,0,"w",4,11,1
3057,0,"w",4,6,1
2615,1,"b",3,7,1
136,0,"w",2,6,1
423,0,"w",4,7,0
554,0,"w",4,7,0
4130,1,"b",4,8,1
4445,0,"w",4,14,1
1808,0,"b",2,6,0
4033,0,"w",3,5,1
3133,0,"w",4,26,0
1627,0,"b",4,9,1
2816,0,"b",3,21,1
3400,0,"w",4,5,1
4118,0,"b",3,5,0
1736,0,"b",3,6,1
3268,0,"w",4,11,1
335,0,"b",3,4,1
384,1,"b",4,13,1
2336,0,"b",4,4,1
4523,0,"w",3,6,0
1261,0,"b",4,20,0
939,0,"w",4,4,1
1914,0,"w",4,8,1
1917,0,"w",4,6,1
4337,0,"w",4,8,1
2654,0,"w",4,2,1
4268,0,"b",4,7,1
4407,0,"w",4,7,1
3713,0,"w",3,26,1
4406,0,"b",4,6,1
3919,0,"w",2,6,1
2463,0,"b",3,1,1
3795,0,"w",4,10,1
1864,0,"b",4,5,0
338,0,"b",2,4,1
2570,0,"w",4,6,1
1854,0,"w",3,3,1
728,0,"b",4,14,1
1176,0,"w",4,8,1
1222,0,"b",3,6,1
3664,0,"w",4,13,1
3951,0,"w",4,6,0
3874,0,"b",4,7,0
1565,0,"b",3,7,1
1169,0,"w",3,16,1
3715,0,"b",4,6,1
711,0,"b",4,6,1
2072,0,"w",4,8,0
3417,0,"b",3,6,1
191,0,"b",4,14,1
4402,1,"b",4,26,0
1076,0,"w",3,13,1
397,0,"w",4,4,1
1035,0,"w",4,7,0
4854,0,"b",3,18,1
4172,0,"b",4,26,0
159,0,"b",4,7,1
3280,1,"b",2,7,0
177,0,"w",2,8,0
1045,0,"w",3,4,1
759,1,"w",2,6,1
4338,0,"w",4,2,1
81,0,"b",4,5,1
1670,0,"w",4,6,1
2286,0,"w",4,8,1
69,0,"b",4,8,1
1603,0,"w",3,4,1
2688,0,"w",4,9,1
2731,0,"w",4,7,0
877,0,"w",4,14,1
4362,0,"w",4,14,1
3538,0,"w",4,8,1
2149,0,"w",3,5,1
4805,0,"b",4,6,1
4021,0,"w",3,20,1
4035,0,"w",4,5,0
46,0,"b",3,7,1
4843,0,"b",3,16,1
922,0,"b",4,8,1
2231,0,"b",4,9,1
257,0,"b",4,5,1
2953,0,"w",4,26,0
613,0,"w",3,7,1
2309,0,"w",3,7,1
3878,0,"w",4,8,1
3961,0,"b",3,7,1
3602,0,"b",4,7,1
2876,0,"b",2,6,1
4738,1,"b",4,7,1
4560,0,"w",4,10,1
2481,0,"w",4,14,1
2035,0,"w",3,9,1
3322,0,"w",4,5,0
2847,1,"b",4,6,0
406,0,"b",3,4,1
1742,0,"b",4,6,0
3610,0,"b",4,7,0
4283,0,"w",3,20,1
927,0,"w",4,5,1
1933,0,"b",3,12,1
2680,0,"b",3,5,0
1798,0,"b",4,4,1
4603,0,"w",4,14,1
1448,1,"b",4,13,0
2625,0,"w",3,7,1
4051,0,"w",4,6,0
2196,0,"b",4,5,1
583,1,"w",4,8,1
4491,0,"b",4,1,1
2982,0,"b",4,7,0
3347,0,"b",4,6,1
3885,0,"w",4,2,1
4245,0,"w",4,3,1
2850,0,"b",0,3,1
433,0,"w",3,13,1
2756,0,"b",3,4,1
4765,0,"w",4,5,1
3844,0,"b",4,6,1
2870,0,"w",4,4,0
2007,0,"w",4,13,1
2037,0,"w",4,11,1
1690,0,"b",4,7,0
1276,0,"b",4,14,1
4403,0,"w",4,14,1
2126,0,"w",4,11,1
3792,0,"w",4,6,1
1133,0,"w",3,11,1
2763,0,"w",3,6,1
4863,0,"w",3,13,1
2067,0,"w",4,8,0
4691,0,"b",3,4,1
4845,0,"b",3,2,1
2977,0,"b",4,18,1
895,0,"w",4,4,1
770,0,"b",3,6,1
1439,0,"w",3,4,1
3818,0,"b",4,7,0
2475,0,"b",3,4,1
413,0,"b",4,5,1
3836,0,"w",4,14,1
24,0,"w",4,7,1
2440,0,"b",4,8,1
1488,0,"b",4,6,1
3243,0,"w",4,6,1
800,0,"b",4,4,1
3856,0,"b",4,7,0
3939,0,"w",0,5,1
2255,0,"b",4,10,1
2354,0,"b",4,8,1
1234,0,"b",4,3,1
632,0,"b",4,7,1
3345,0,"b",4,5,0
3483,0,"b",4,7,0
991,0,"w",3,4,1
3419,0,"w",2,6,1
3421,0,"b",1,4,1
1772,0,"w",4,4,1
3166,0,"w",4,2,1
790,0,"b",4,5,1
1899,0,"b",4,2,1
2684,0,"w",4,7,0
1395,0,"b",4,6,1
1089,0,"b",4,5,1
3881,0,"w",4,26,0
277,0,"w",4,8,1
3497,0,"w",4,6,1
4447,0,"b",4,11,1
116,0,"b",4,4,1
4119,0,"w",2,8,0
610,0,"b",3,12,1
2356,0,"b",4,26,0
938,0,"w",4,4,1
479,1,"b",2,4,1
2512,0,"b",4,10,1
2012,0,"w",4,9,1
2467,0,"b",3,4,1
2938,0,"w",4,13,1
3997,0,"b",4,20,1
2100,1,"b",4,5,1
1959,0,"b",4,10,1
2077,0,"b",4,8,0
4547,0,"w",3,4,1
592,0,"b",3,13,1
934,0,"b",3,10,1
4285,0,"b",4,5,1
1250,0,"w",4,8,1
2649,0,"b",4,6,1
1473,0,"w",4,7,1
2389,0,"w",4,9,1
1471,0,"b",4,14,1
2624,0,"w",3,13,1
1015,0,"b",4,7,0
4577,0,"b",4,6,1
134,0,"b",4,10,1
1385,0,"b",4,2,1
4037,0,"w",3,16,1
2091,0,"b",3,4,1
2090,0,"w",4,5,1
417,0,"b",4,8,1
4095,0,"w",4,2,1
3725,0,"b",4,4,1
888,0,"b",3,4,1
121,0,"b",4,5,0
3654,0,"b",4,3,1
1998,0,"b",4,13,1
3560,0,"w",4,7,0
3642,0,"w",3,8,1
2384,1,"w",3,4,1
4366,0,"w",4,18,1
2337,0,"b",4,14,1
4673,0,"b",4,6,1
1081,0,"b",4,8,1
2043,0,"b",4,3,1
147,0,"w",2,7,1
4057,0,"b",3,3,1
2188,0,"b",4,2,1
1044,0,"b",3,1,1
1245,0,"w",3,5,1
1438,0,"b",2,16,1
2120,0,"b",3,9,1
943,0,"w",4,6,0
173,0,"b",4,14,1
68,0,"w",3,4,1
4278,0,"b",4,3,1
4196,0,"w",4,5,0
4852,0,"w",2,19,0
666,0,"b",4,3,1
2135,0,"b",4,5,1
340,0,"w",2,4,0
437,0,"w",4,7,0
3052,0,"w",4,14,1
742,0,"b",4,26,0
1735,0,"b",3,6,1
2505,0,"b",4,7,1
1067,0,"w",4,25,1
3890,0,"b",4,6,1
3291,0,"w",3,7,1
1694,0,"b",2,16,1
2791,0,"b",4,12,1
447,0,"b",4,6,1
3901,0,"b",4,14,1
4848,1,"w",4,7,0
2324,0,"w",4,5,1
2340,0,"w",4,6,1
2672,0,"b",3,4,1
3060,0,"b",4,18,1
4149,0,"b",4,10,1
2945,0,"w",2,6,1
2115,0,"w",4,6,1
4536,0,"w",4,5,1
524,0,"b",4,6,1
2539,0,"b",3,1,1
2650,0,"w",4,2,1
1001,0,"w",4,6,1
1696,1,"b",3,26,1
1657,0,"w",4,2,1
2448,0,"b",4,7,0
1877,0,"b",3,5,1
1529,1,"b",4,2,1
2843,0,"b",4,5,0
2373,0,"b",4,11,1
1091,0,"w",3,3,1
1478,0,"b",4,5,1
3786,0,"b",4,4,0
2016,0,"w",3,4,1
3118,0,"b",4,2,1
984,0,"b",2,4,1
2600,0,"b",4,8,0
252,0,"b",4,12,1
3916,0,"b",4,12,1
4303,0,"w",4,7,1
3614,0,"b",4,8,1
744,0,"w",4,4,1
3191,0,"b",4,6,1
4184,0,"b",4,5,0
1298,0,"w",4,9,1
735,1,"w",3,2,0
4545,0,"b",4,11,1
2360,0,"w",4,6,1
901,0,"w",4,21,1
2047,0,"w",4,6,1
3779,0,"b",4,7,1
430,0,"b",4,8,1
2251,0,"b",4,5,1
4088,0,"w",4,26,0
500,0,"w",4,5,0
201,1,"b",4,8,1
2213,0,"w",3,4,1
1724,0,"b",4,4,1
1957,0,"w",4,8,1
3651,0,"w",4,5,0
2792,0,"b",4,2,1
4473,0,"b",4,2,1
497,0,"b",4,2,1
3929,0,"b",4,4,1
1746,0,"b",4,6,0
1705,0,"w",3,7,1
1145,0,"w",4,26,0
1511,0,"b",4,6,1
3145,0,"b",4,8,1
1042,0,"b",3,13,1
3590,0,"b",4,8,1
1843,0,"w",3,8,1
3980,0,"b",4,7,1
4749,0,"b",4,1,1
1136,0,"w",1,10,0
4747,0,"b",2,3,1
2737,0,"w",3,4,1
4204,0,"w",4,13,1
375,0,"b",4,2,1
4628,0,"b",4,5,1
1637,0,"w",4,3,1
1997,0,"b",4,5,1
4062,0,"w",4,7,1
2,0,"w",3,6,1
830,0,"w",4,2,1
1363,0,"w",4,14,1
3199,0,"w",4,8,1
452,0,"b",4,5,1
2940,0,"w",4,5,1
3439,1,"w",4,18,1
292,0,"w",4,4,1
487,0,"w",4,5,1
4365,0,"w",4,8,1
1859,0,"w",4,7,1
3588,0,"b",4,7,0
151,0,"w",4,6,1
3187,0,"w",4,7,0
3665,0,"b",4,12,1
1299,0,"b",3,1,1
4541,0,"w",3,3,0
4255,0,"b",4,6,1
4712,0,"w",2,7,1
334,0,"w",2,6,1
1551,0,"w",3,13,1
667,0,"w",4,6,1
4753,0,"w",4,4,1
1293,0,"b",4,14,1
715,0,"b",4,8,1
2921,0,"b",3,6,1
244,0,"w",4,7,0
2705,0,"b",4,14,1
3462,0,"w",4,10,1
831,0,"w",4,2,1
1125,0,"b",4,5,1
3078,0,"b",3,2,0
900,0,"w",4,13,1
541,0,"b",3,12,1
4103,0,"b",4,8,1
2591,0,"w",4,8,1
3978,0,"b",4,3,1
1832,0,"w",4,6,0
28,0,"w",3,6,1
2609,0,"w",4,9,1
3123,0,"w",4,8,0
3895,0,"w",4,2,1
4293,0,"w",4,4,0
2681,0,"b",4,13,1
1303,0,"b",2,19,0
3,0,"b",4,6,1
1304,0,"b",3,1,1
2039,0,"w",3,10,1
3767,0,"b",3,6,1
4010,0,"w",4,5,1
2544,0,"w",3,5,0
2617,0,"w",3,4,1
2430,0,"b",4,4,1
1403,0,"w",4,8,1
2657,0,"w",4,2,1
2534,0,"b",4,7,0
3316,0,"w",4,5,0
346,0,"b",4,15,1
3782,0,"b",4,4,1
3888,0,"w",4,2,1
2812,0,"w",3,12,1
4307,0,"b",4,15,1
1797,0,"w",2,4,0
181,0,"b",4,6,1
1548,1,"w",3,26,1
2993,0,"b",4,6,1
4755,0,"w",4,6,1
490,0,"w",4,11,1
1117,0,"w",4,11,1
3117,0,"w",4,7,0
3608,0,"b",4,6,1
3045,0,"w",4,6,1
390,0,"b",4,13,1
1591,0,"w",4,3,1
310,0,"b",3,21,1
3170,0,"w",4,6,1
4139,0,"w",2,16,1
2707,0,"w",4,6,1
3966,0,"b",4,6,1
4044,0,"w",2,5,1
281,0,"b",4,3,1
4748,0,"w",3,5,1
1119,0,"b",4,6,1
873,0,"w",3,13,1
1991,0,"b",4,6,1
3077,0,"b",4,14,1
2355,0,"b",4,7,0
4267,0,"w",4,5,1
2405,0,"b",4,7,0
66,0,"b",4,6,1
3275,1,"w",4,5,0
3144,0,"b",4,7,0
3331,0,"w",4,4,1
1106,0,"b",4,6,1
4647,0,"w",4,3,1
1210,0,"b",4,21,1
3649,0,"b",4,6,0
127,1,"b",4,9,1
1508,0,"w",4,6,1
2411,0,"b",4,9,1
1704,0,"w",3,26,1
4201,0,"b",4,6,1
1665,0,"b",4,2,1
4189,0,"w",4,5,1
1338,0,"b",4,11,1
1783,0,"w",2,12,1
1193,0,"b",4,9,1
4421,0,"b",4,5,1
3205,0,"w",4,8,1
4097,0,"b",4,26,0
1233,0,"w",4,2,1
4686,0,"w",4,6,0
911,1,"w",4,12,1
2418,0,"w",4,6,1
3981,0,"w",0,5,1
366,0,"w",4,6,1
4248,0,"w",4,5,1
1134,0,"b",3,10,1
1856,0,"w",4,4,0
1984,0,"w",4,15,1
3983,0,"w",4,12,1
2183,0,"w",4,2,1
2109,1,"w",4,20,0
4395,0,"b",4,14,1
475,1,"b",3,20,1
974,0,"b",2,3,1
2408,0,"w",4,6,1
3495,0,"w",4,2,1
2258,0,"w",4,7,1
1469,0,"w",3,16,1
636,0,"w",4,7,1
2656,0,"w",4,7,0
1423,0,"b",3,2,0
1149,0,"w",4,18,1
4120,0,"w",4,10,1
4720,0,"w",4,3,0
3153,0,"b",4,8,1
1533,1,"b",4,7,1
1278,0,"b",4,5,1
751,0,"b",4,4,1
2810,0,"w",4,12,1
670,0,"b",4,4,1
542,0,"b",3,6,1
4701,0,"b",2,6,1
2552,0,"b",4,6,0
1405,0,"b",4,8,1
4744,0,"b",4,3,1
25,0,"w",4,3,1
1263,1,"b",4,2,1
3612,0,"b",4,6,1
4679,1,"b",4,19,1
3617,0,"w",4,6,1
2779,0,"b",4,11,1
3246,0,"w",4,8,1
4632,0,"w",3,7,1
2346,0,"w",4,18,1
3429,0,"w",4,7,1
446,0,"w",3,7,1
3502,0,"b",4,7,0
4417,0,"w",2,2,0
3086,0,"b",3,13,1
3289,0,"w",4,6,1
3459,0,"b",4,18,1
3167,0,"b",4,6,1
3430,0,"b",3,12,1
3853,0,"b",4,8,0
158,0,"w",4,12,1
3161,0,"b",2,8,0
4281,0,"b",3,2,1
108,1,"b",4,6,0
1223,0,"w",4,7,1
472,0,"b",3,11,1
534,0,"w",2,7,1
4334,0,"w",3,19,1
3877,0,"b",4,18,1
2302,1,"w",3,2,0
677,0,"b",4,4,1
1624,0,"b",2,3,1
1554,0,"b",4,14,1
2032,0,"b",3,21,1
1017,0,"w",4,8,1
1731,0,"w",2,3,1
543,0,"w",4,6,1
4269,0,"w",4,6,1
4681,0,"w",4,7,1
821,1,"w",3,16,1
2540,1,"w",3,2,1
767,0,"w",4,11,1
223,0,"b",4,12,1
4133,0,"w",3,14,1
3389,0,"b",3,2,1
1801,0,"w",4,4,0
3207,0,"b",4,6,1
2574,0,"w",4,2,1
1208,0,"w",3,8,1
3231,0,"b",4,2,1
3827,0,"w",4,6,1
4850,0,"b",4,6,1
536,0,"w",4,4,1
917,0,"b",4,4,1
2898,0,"b",3,3,1
2194,1,"w",4,8,1
2167,0,"b",4,2,1
3703,0,"b",4,6,0
2663,0,"w",3,16,1
717,0,"w",4,6,1
431,0,"w",4,6,1
1402,0,"w",4,7,0
491,0,"b",3,11,1
1778,0,"w",4,8,1
2487,0,"w",3,13,1
863,0,"b",3,7,1
3882,0,"w",4,18,1
230,0,"w",4,6,1
1852,0,"b",2,5,0
2062,0,"w",4,26,0
4588,0,"w",4,2,1
1691,0,"w",3,26,1
2560,0,"b",3,15,1
386,0,"b",4,20,0
3053,0,"w",4,18,1
3047,0,"w",4,14,1
4438,0,"w",4,13,1
2553,0,"w",4,6,1
4301,0,"b",3,3,1
2205,1,"w",3,16,1
2316,0,"b",2,19,0
118,0,"b",3,5,1
1213,1,"b",4,19,1
1430,0,"b",4,9,1
2516,1,"w",4,7,0
2594,0,"b",4,7,0
3318,0,"w",4,21,1
459,0,"b",3,23,1
3336,0,"w",0,2,1
512,0,"b",4,3,1
1444,0,"b",3,13,1
2975,0,"b",4,6,1
3403,0,"w",4,4,1
1580,0,"w",3,16,1
2315,0,"w",3,5,0
4246,1,"w",4,4,1
4711,0,"b",3,6,1
3391,0,"w",3,6,1
132,0,"b",4,9,1
2668,0,"w",3,5,0
2950,1,"w",4,2,1
4052,0,"b",4,5,1
2508,0,"b",4,4,1
511,0,"w",4,4,1
2604,0,"b",3,13,1
2730,0,"b",4,6,1
785,0,"w",2,4,1
2610,0,"w",3,5,0
1382,0,"w",4,5,1
2971,0,"w",4,23,1
4471,0,"w",4,6,1
3313,0,"b",3,21,1
4200,0,"b",2,3,0
1316,0,"b",4,6,1
3089,0,"w",3,13,1
2293,0,"w",4,8,1
90,0,"w",4,4,1
4244,1,"w",3,6,1
624,0,"b",4,6,1
540,0,"b",3,5,1
3317,0,"w",4,25,1
4788,0,"b",4,5,1
4288,0,"w",4,3,1
674,0,"b",4,5,1
4058,0,"w",3,16,1
272,1,"b",4,6,1
4038,0,"w",3,6,1
1781,0,"w",4,11,1
3778,0,"b",4,11,1
3828,0,"w",4,7,0
4676,0,"b",4,8,1
3866,0,"b",4,8,0
4199,0,"w",4,6,1
4851,0,"b",3,4,1
2137,0,"b",4,7,1
3036,0,"b",3,13,1
4721,0,"w",4,6,1
1401,0,"b",4,26,0
4313,0,"w",3,8,1
3333,0,"w",3,5,1
4107,0,"w",4,6,1
3513,0,"b",1,10,0
4524,0,"b",4,5,0
3212,0,"b",4,7,0
4424,0,"b",3,5,1
4382,0,"b",4,6,1
2451,0,"w",4,6,1
4007,1,"w",4,3,1
2460,0,"w",4,6,1
1974,0,"b",4,6,1
3840,0,"w",4,8,1
2303,1,"w",4,14,1
1390,0,"w",4,7,0
3823,0,"b",4,8,0
1013,0,"w",4,7,0
3379,0,"w",4,7,1
1532,0,"b",4,8,1
1900,0,"b",4,2,1
3225,0,"w",4,8,1
822,0,"w",2,3,1
3598,0,"w",4,2,1
2952,0,"w",4,6,1
2262,0,"w",4,6,1
3128,0,"w",4,6,1
155,0,"b",4,5,1
2199,0,"w",2,19,0
2679,0,"w",3,1,1
1002,0,"w",4,18,1
3591,0,"w",4,2,1
4013,0,"b",4,3,1
1142,0,"b",4,7,0
3179,1,"b",4,18,1
4345,0,"b",4,14,1
2240,0,"b",4,7,1
3819,0,"b",4,2,1
336,0,"b",3,6,1
936,0,"w",4,4,1
2944,0,"b",4,6,1
673,0,"w",3,8,1
559,0,"b",4,8,1
2848,0,"b",4,2,1
1550,0,"w",4,14,1
720,0,"b",4,7,0
2827,0,"w",4,5,1
92,0,"w",4,4,1
2382,1,"b",4,14,1
220,0,"w",2,7,0
3641,0,"w",3,4,1
4006,0,"w",4,4,0
280,0,"b",4,6,1
2320,1,"b",4,9,1
3657,0,"w",4,6,0
2677,0,"w",4,8,1
3832,0,"w",4,26,0
2152,0,"b",3,6,1
3100,0,"w",4,6,1
3068,0,"w",3,1,1
2694,1,"b",4,8,1
4750,0,"b",3,3,1
2959,0,"b",4,2,1
4441,0,"b",4,8,1
1599,0,"w",4,20,1
894,0,"w",4,11,1
1629,0,"w",4,6,1
843,0,"b",4,7,0
3203,0,"b",4,2,1
872,0,"b",4,7,1
4462,0,"b",4,21,1
1202,0,"b",4,5,1
1924,0,"b",2,4,1
2936,0,"b",4,11,1
2522,0,"w",4,8,0
2499,0,"w",4,5,1
2641,0,"b",4,6,1
769,0,"b",4,3,1
2890,0,"w",3,5,1
2443,0,"b",4,7,0
1130,0,"w",4,15,1
1313,0,"w",3,7,1
4415,0,"w",1,4,1
1146,0,"b",4,14,1
2391,0,"w",3,13,1
3490,0,"b",4,23,1
4367,0,"b",4,26,0
2599,0,"b",4,6,1
2358,0,"b",4,10,1
2171,0,"b",4,18,1
3953,0,"w",4,14,1
3653,0,"w",4,5,1
2049,0,"w",4,5,1
4188,0,"b",3,4,1
2253,0,"w",4,11,1
3204,0,"b",4,2,1
3050,0,"b",4,6,1
4387,0,"b",4,6,1
3787,0,"w",4,11,1
321,0,"b",3,3,1
4633,0,"b",3,26,1
204,0,"b",3,9,1
3363,0,"w",4,9,1
998,0,"w",4,6,1
3904,0,"b",4,10,1
3069,0,"b",3,4,1
944,0,"w",4,5,1
426,0,"w",4,14,1
439,0,"b",4,8,1
1905,0,"b",4,8,0
362,0,"w",4,7,0
3192,0,"b",4,8,0
3722,0,"w",2,4,0
3806,0,"b",4,9,1
1675,0,"b",4,8,1
1060,0,"b",4,7,1
1428,0,"b",3,7,1
1687,1,"w",4,11,1
1521,0,"w",4,2,1
440,0,"b",4,6,1
745,0,"w",3,4,1
4697,0,"w",4,6,1
601,1,"w",4,13,0
1960,0,"b",2,7,1
2777,0,"w",4,11,1
1827,0,"w",3,8,1
4383,0,"b",4,8,1
3011,0,"w",4,8,0
3083,0,"w",3,4,1
823,0,"b",3,6,1
4834,0,"b",4,14,1
1023,0,"b",4,6,1
2453,0,"b",4,7,0
249,0,"b",4,9,1
1404,0,"b",4,26,0
1011,0,"b",4,14,1
2738,1,"w",4,5,1
2174,0,"b",4,18,1
1654,0,"b",4,4,1
2161,0,"w",4,8,1
703,0,"w",4,10,1
2698,1,"b",4,4,1
1424,0,"w",3,1,1
1186,0,"b",3,16,1
4752,0,"b",4,7,1
3314,0,"b",4,6,0
4553,0,"w",4,12,0
1054,0,"w",4,7,1
4106,0,"w",4,18,1
4116,0,"w",3,1,1
2613,1,"w",3,13,1
2349,0,"b",4,26,0
3507,0,"b",4,14,1
1910,0,"b",4,7,0
2979,0,"w",4,8,1
4540,0,"w",4,4,1
1531,0,"b",4,26,0
3183,0,"w",4,11,1
825,0,"w",2,3,1
2638,0,"b",4,6,1
3694,1,"b",3,18,1
531,0,"w",3,6,1
3327,0,"b",3,7,1
2006,0,"b",4,14,1
2820,0,"b",4,21,1
1730,0,"w",3,3,1
845,0,"b",4,6,1
749,0,"w",4,4,1
4579,0,"w",4,26,0
678,0,"w",4,4,1
1995,0,"b",4,7,0
4153,0,"w",3,13,1
2709,0,"b",2,8,0
353,0,"b",4,8,0
3508,0,"w",4,7,0
2105,0,"b",4,7,0
2139,0,"w",4,3,1
73,0,"b",3,6,1
1079,0,"b",4,7,1
853,0,"w",4,6,1
4373,0,"w",4,11,1
2403,0,"w",2,19,0
3831,0,"b",4,6,1
3096,1,"b",4,5,1
3811,1,"w",4,8,1
182,0,"w",4,26,0
4619,0,"w",3,4,1
1075,0,"b",4,11,1
4220,0,"w",3,4,1
2055,0,"w",3,3,1
971,0,"b",4,3,1
1609,0,"w",3,8,1
4078,0,"b",4,8,1
893,0,"b",3,7,1
74,0,"w",4,5,0
217,0,"b",4,3,1
1544,0,"b",4,8,1
4177,0,"w",3,6,1
3362,0,"w",2,6,0
4668,0,"b",4,6,0
4575,0,"w",4,7,0
3607,0,"b",4,8,1
1077,0,"b",4,11,1
4655,0,"w",3,4,1
4743,0,"w",4,5,1
2724,0,"b",4,13,1
768,0,"b",3,12,1
1503,0,"w",4,14,1
3265,0,"b",3,12,1
958,0,"b",4,6,1
4827,1,"w",4,2,1
4144,1,"b",4,6,1
1057,0,"b",4,7,1
567,0,"w",4,7,0
4423,0,"w",3,7,1
1121,0,"b",4,6,1
2547,0,"w",3,4,1
3876,0,"b",4,26,0
537,0,"w",4,6,0
1701,0,"w",3,16,1
3805,0,"w",3,11,1
4138,0,"w",4,2,1
4485,0,"b",4,9,1
3913,0,"b",4,7,1
1371,1,"w",4,12,1
3125,0,"w",4,5,1
327,0,"b",4,11,1
599,0,"b",4,9,1
990,0,"w",4,15,1
3519,0,"b",4,8,1
1650,0,"b",4,5,1
2214,0,"w",3,26,1
2836,0,"b",4,6,1
1344,0,"b",3,9,1
3898,0,"w",4,6,1
1546,0,"b",4,9,1
3747,0,"w",3,5,1
284,0,"w",4,6,0
123,0,"w",4,5,0
2123,0,"w",3,6,1
1964,0,"b",4,2,1
3785,0,"b",3,5,1
2917,0,"w",3,8,1
4431,0,"w",4,3,1
4232,0,"b",0,5,1
4654,0,"b",3,4,1
1535,0,"b",4,8,1
2368,0,"w",4,7,0
3324,0,"w",4,4,1
4311,0,"w",4,3,1
634,0,"b",4,6,1
2458,0,"w",4,26,0
679,0,"w",4,4,1
3576,0,"b",4,7,0
602,0,"w",4,23,1
1165,1,"w",3,7,1
171,0,"b",2,6,1
4264,0,"b",4,6,1
3382,1,"w",4,4,0
3960,0,"b",4,7,1
219,0,"b",2,4,0
4791,0,"w",4,6,1
2550,1,"b",4,14,1
3218,0,"w",4,7,0
4456,0,"w",3,21,1
3815,0,"b",4,2,1
193,0,"w",4,8,1
909,0,"b",4,13,1
3002,0,"w",4,2,1
1661,0,"w",4,8,1
3190,0,"b",4,6,1
2084,0,"b",4,8,1
4275,0,"b",4,4,1
3691,0,"w",4,5,0
832,0,"w",4,7,0
3308,0,"b",4,11,1
1848,0,"b",4,6,1
1114,0,"b",4,6,1
4226,0,"b",4,5,1
3937,0,"w",3,4,1
1188,0,"b",4,6,1
4643,0,"w",2,2,0
2207,0,"b",4,5,1
146,0,"w",2,4,0
1120,0,"w",4,14,1
4000,0,"b",4,6,1
4435,0,"b",4,14,1
3552,0,"b",4,8,1
3489,0,"b",4,8,1
313,0,"b",4,5,1
2646,0,"b",4,8,1
1707,0,"w",3,4,1
3383,0,"w",4,5,1
3017,0,"b",4,8,1
2653,0,"b",4,6,1
1393,0,"b",4,7,0
3476,0,"b",4,2,1
3587,1,"b",4,7,0
457,0,"w",3,21,1
261,0,"w",3,6,1
295,0,"b",4,6,1
4557,0,"b",4,15,1
1415,0,"w",4,8,1
3342,1,"b",4,5,0
3726,0,"b",4,5,1
4542,0,"b",4,9,1
3746,0,"b",4,9,1
1461,0,"w",4,6,1
2844,0,"w",2,6,1
2260,0,"w",4,2,1
86,1,"w",2,7,1
106,1,"w",4,6,0
1709,0,"w",2,16,1
2743,0,"b",3,13,1
4113,0,"b",4,8,1
2165,1,"b",4,8,0
1004,0,"b",4,2,1
2925,0,"w",3,6,1
4465,0,"b",4,6,1
98,0,"w",4,11,1
4595,0,"w",4,14,1
4455,0,"b",4,3,1
4060,0,"w",3,8,1
2592,0,"b",4,7,0
3920,0,"w",3,7,1
79,0,"b",4,9,1
3900,0,"w",4,26,0
4657,0,"w",4,5,1
4335,1,"w",3,10,1
3763,0,"w",3,3,1
352,0,"w",4,6,1
210,0,"w",2,6,1
1925,0,"w",3,6,1
539,0,"w",3,3,1
4308,0,"w",4,3,1
550,0,"w",4,6,1
2538,0,"b",3,4,1
4410,1,"w",4,8,1
2248,0,"w",3,6,1
2208,1,"w",4,11,1
3927,0,"w",4,6,1
1466,0,"w",2,5,1
3367,0,"b",4,6,1
1243,0,"b",2,5,1
4168,0,"b",4,7,0
1506,0,"b",4,14,1
1199,0,"b",2,3,1
1305,0,"b",2,16,1
1489,0,"b",4,7,1
876,0,"b",3,5,0
2972,1,"b",4,7,0
3518,0,"w",2,8,0
4702,1,"w",4,7,1
3619,0,"b",4,6,1
3084,0,"w",3,4,1
3949,0,"w",3,7,1
4359,0,"w",4,6,1
3171,0,"w",1,10,0
1300,0,"b",4,14,1
1320,0,"b",3,4,1
4458,0,"b",4,8,1
300,0,"b",4,7,1
2725,0,"b",4,2,1
4343,0,"w",4,6,1
4587,0,"w",4,7,0
3247,0,"b",4,7,0
3950,0,"b",4,4,1
1258,0,"w",4,7,0
377,0,"w",4,7,0
3294,0,"b",4,6,0
1979,0,"w",4,5,1
4357,0,"b",4,2,1
4778,0,"b",3,8,1
460,0,"b",4,9,1
3245,0,"b",4,2,1
341,0,"w",3,4,1
1498,1,"w",4,3,1
418,0,"w",3,5,0
3085,0,"b",4,5,1
1470,0,"b",4,16,1
3129,0,"b",4,14,1
97,0,"b",2,5,0
784,0,"w",3,5,1
4364,0,"b",2,18,1
4377,0,"b",4,2,1
3266,0,"w",3,8,1
2112,0,"b",4,14,1
4235,0,"b",4,6,1
4132,0,"b",3,13,1
3119,0,"b",4,8,0
2967,0,"w",4,6,1
4723,0,"b",4,3,0
2296,0,"w",4,10,1
1309,1,"w",4,6,1
1237,0,"w",4,3,1
913,0,"w",4,11,1
1373,0,"w",3,12,1
621,0,"b",4,5,1
2083,0,"b",4,14,1
3185,0,"w",4,14,1
3272,0,"w",4,5,1
4100,0,"w",4,2,1
1981,0,"b",4,9,1
4484,0,"w",4,5,1
105,0,"w",4,4,1
1216,0,"w",3,5,1
4011,0,"w",4,2,1
3139,0,"b",4,2,1
4457,0,"w",3,8,1
1779,0,"b",0,4,1
802,0,"w",4,7,1
2535,0,"w",2,16,1
2965,0,"b",4,10,1
7,0,"w",4,5,1
3105,0,"w",4,6,1
1524,1,"w",4,6,1
4538,0,"b",4,5,0
3015,0,"w",4,7,0
4128,1,"w",4,8,0
4266,0,"b",4,4,1
3886,0,"b",4,8,1
2298,0,"b",4,8,1
2647,0,"b",4,8,1
522,0,"b",4,6,1
148,0,"w",3,9,1
1086,0,"b",4,4,1
2351,0,"w",4,8,1
3269,0,"b",0,4,1
2665,1,"b",2,16,1
227,0,"b",3,6,1
3632,1,"b",4,4,1
180,0,"w",4,6,1
1882,0,"w",4,5,1
1896,0,"w",4,13,1
3025,0,"w",4,13,1
570,0,"b",2,8,0
1815,1,"w",4,5,1
3407,0,"b",4,2,1
1512,0,"w",3,3,1
1513,0,"b",3,3,1
1143,0,"b",4,8,1
4,0,"b",3,6,1
2838,0,"b",4,8,1
2946,0,"b",4,6,1
3705,0,"b",4,7,1
3242,0,"b",4,2,1
1189,0,"b",4,6,1
4571,0,"w",4,2,1
2265,0,"w",4,6,1
19,0,"w",4,6,0
1658,0,"w",4,8,1
1970,1,"b",4,6,1
4171,0,"w",4,20,0
4762,0,"w",3,3,1
4463,0,"b",3,7,1
933,0,"w",4,25,1
3375,0,"b",1,4,1
2274,0,"w",4,2,1
218,0,"b",1,4,1
1253,0,"b",4,8,0
2915,0,"w",0,4,1
2095,0,"w",3,26,1
419,0,"w",2,18,0
3230,0,"b",4,8,1
1315,0,"b",2,5,1
402,0,"b",4,2,1
2056,0,"b",3,3,1
453,0,"b",4,6,1
2379,1,"b",3,13,1
4241,0,"w",2,6,0
3601,1,"w",3,8,1
3626,1,"b",4,7,0
1195,0,"w",3,7,1
2859,0,"b",2,5,0
4495,0,"b",4,4,1
2751,1,"b",3,2,1
3837,0,"b",4,26,0
3838,0,"w",4,26,0
3149,0,"w",4,6,1
2901,0,"w",4,3,1
885,0,"b",4,4,1
64,0,"w",4,6,0
3985,0,"w",2,19,1
1969,0,"b",4,5,1
714,0,"b",4,7,0
4175,0,"b",3,6,1
3472,0,"b",4,8,1
3539,0,"b",4,18,1
1485,0,"w",3,9,1
4344,0,"w",4,8,0
89,0,"w",4,2,1
2127,0,"w",4,11,1
1872,0,"b",4,7,1
107,0,"b",4,6,1
65,0,"b",4,6,0
1965,0,"w",4,4,1
2071,0,"w",4,7,0
3571,0,"b",4,6,1
727,0,"w",4,9,1
2009,1,"w",3,13,1
2525,0,"b",4,8,1
2562,0,"w",4,6,1
2712,0,"w",4,6,1
1816,1,"b",4,7,1
2872,0,"b",4,11,1
4735,0,"w",2,7,0
2860,0,"b",4,14,1
2658,0,"b",4,7,0
2631,0,"w",4,10,1
3135,0,"b",4,8,1
4110,0,"b",4,7,0
4396,0,"b",4,26,0
2908,0,"b",4,6,0
3126,0,"b",4,20,0
2014,1,"w",3,16,1
2290,0,"b",4,2,1
931,0,"b",3,11,1
1763,0,"w",4,5,1
1047,0,"w",4,6,1
1375,0,"b",4,6,1
2742,0,"w",3,4,1
4287,1,"w",4,6,0
1530,0,"w",4,7,0
3338,0,"b",4,7,1
355,0,"b",4,6,1
2586,0,"b",4,2,1
2020,0,"b",4,6,1
1802,0,"b",0,4,1
1269,0,"w",4,8,1
1036,0,"w",4,6,1
238,0,"w",4,4,1
4167,0,"w",4,8,1
4250,0,"b",2,5,0
91,0,"b",4,4,0
4847,1,"w",4,2,1
360,0,"b",4,2,1
44,0,"w",4,6,1
1450,0,"w",3,9,1
4784,1,"b",4,8,1
1829,0,"w",3,4,1
1061,0,"b",4,9,1
425,0,"w",3,5,0
1192,0,"w",4,9,1
2808,0,"b",4,5,0
707,0,"w",4,2,1
4706,1,"b",4,5,1
4210,0,"b",4,7,1
4689,0,"b",4,5,1
3056,0,"b",4,26,0
3413,0,"b",4,4,1
438,0,"w",4,2,1
2029,0,"b",3,8,1
2608,0,"b",4,5,1
2579,0,"b",4,8,0
3344,0,"w",4,6,0
4782,0,"b",4,2,0
2222,1,"w",3,26,1
3114,0,"b",4,7,0
80,0,"w",4,10,1
4340,0,"b",4,7,0
3176,0,"w",4,8,1
3570,0,"w",4,6,1
2498,0,"w",3,2,1
290,0,"w",4,12,1
2760,0,"w",4,20,0
1821,0,"b",4,5,0
1296,0,"b",4,11,1
2957,0,"w",4,7,0
2036,0,"w",3,8,1
1374,0,"b",3,11,1
3915,0,"w",4,4,1
1782,0,"w",4,5,0
2002,0,"w",4,8,1
535,0,"b",3,3,1
887,1,"w",3,4,1
1595,0,"b",3,9,1
1215,0,"b",4,5,1
2045,0,"w",4,6,1
510,0,"w",4,4,1
1575,0,"b",4,7,0
2246,0,"w",3,7,1
3732,0,"w",4,7,1
548,0,"w",4,2,1
849,0,"b",4,8,1
3233,0,"w",4,7,0
3346,0,"b",4,6,1
33,0,"w",3,9,1
3964,0,"b",4,7,0
530,0,"b",4,12,1
1514,0,"w",4,14,1
3834,0,"b",4,14,1
1359,0,"w",4,6,1
2587,0,"w",4,10,1
345,0,"b",4,7,1
4422,0,"b",4,7,1
4309,0,"w",4,6,0
1569,0,"b",3,1,1
363,0,"w",4,8,1
4209,0,"w",3,21,1
754,0,"w",4,4,1
3933,0,"w",4,5,1
1355,0,"w",4,11,1
4240,0,"b",4,8,1
3224,0,"w",4,8,1
2148,0,"b",4,6,1
58,0,"b",2,5,0
701,0,"w",4,6,1
2376,1,"b",4,13,1
1647,0,"b",2,3,1
1606,0,"b",3,3,1
1715,0,"w",4,9,1
1669,0,"b",4,2,1
1909,0,"b",4,5,1
3816,0,"b",4,10,1
1052,0,"b",4,4,1
3905,0,"b",4,8,0
1749,0,"w",2,10,1
1617,0,"b",4,13,1
2740,0,"b",3,4,1
629,0,"b",4,7,1
12,0,"w",4,8,1
427,1,"b",4,11,1
2569,0,"w",4,7,0
1600,0,"b",3,21,1
3334,0,"b",4,6,1
231,0,"b",4,25,1
2755,0,"w",4,14,1
907,0,"w",3,11,1
793,0,"b",4,15,1
2832,0,"w",0,4,1
1586,0,"b",4,5,1
3520,0,"b",4,2,1
1727,0,"w",4,5,0
1205,0,"w",3,7,1
1412,0,"w",3,4,1
2541,1,"w",3,16,1
2097,1,"w",3,5,0
4439,0,"b",4,25,1
3720,0,"b",4,11,1
786,0,"b",4,6,1
865,0,"w",4,9,1
3098,0,"b",4,13,1
748,0,"b",4,4,1
1842,0,"b",3,16,1
1966,0,"b",4,5,1
4039,0,"b",4,8,1
3122,0,"b",4,10,1
2331,0,"b",3,8,1
573,0,"w",4,14,1
4028,0,"b",3,5,1
1668,0,"b",4,7,0
1413,0,"b",3,4,1
4432,0,"b",4,5,1
2050,0,"b",4,5,1
1102,0,"b",4,6,1
6,0,"w",4,6,0
1710,0,"b",4,9,1
3531,0,"w",4,26,0
2486,0,"b",3,16,1
4454,0,"b",4,5,0
2116,0,"b",3,8,1
59,0,"w",4,4,1
3131,0,"w",4,7,0
2783,0,"w",4,5,0
3124,0,"b",4,13,1
101,0,"b",4,7,1
3909,0,"b",4,10,1
4105,0,"b",4,14,1
2076,0,"b",4,8,1
4047,0,"b",3,3,1
4050,0,"w",4,7,1
1671,0,"w",4,10,1
1804,0,"b",4,5,0
2867,0,"w",4,11,1
253,0,"w",4,11,1
4731,0,"b",4,7,1
3730,0,"b",4,6,0
1680,0,"b",4,8,1
1331,1,"w",3,7,1
3405,0,"w",4,7,1
4211,0,"w",3,8,1
2573,0,"w",4,6,1
527,0,"w",3,8,1
682,0,"b",4,7,1
791,0,"w",4,9,1
1292,0,"w",3,4,1
3540,0,"b",4,8,1
4190,0,"b",4,8,1
322,0,"w",3,16,1
1610,0,"b",3,6,1
2122,0,"w",4,7,1
4700,1,"w",4,6,1
2125,0,"b",3,13,1
3136,0,"w",4,2,1
812,0,"b",2,3,1
4347,0,"b",4,8,1
1630,0,"b",4,6,1
2519,0,"w",4,2,1
3208,0,"w",4,7,0
2678,0,"b",4,11,1
1712,1,"w",2,19,0
2947,0,"w",4,10,1
3851,0,"w",4,10,1
1116,0,"b",4,6,1
4017,0,"w",4,14,1
3903,0,"w",4,8,1
3007,0,"b",4,26,0
4604,1,"b",4,26,0
2361,0,"b",4,6,1
2177,0,"w",4,6,1
2515,0,"w",4,8,1
4222,0,"b",4,13,1
1392,0,"w",4,6,1
2377,0,"w",4,14,1
4608,0,"b",4,18,1
575,0,"b",4,18,1
1806,0,"w",4,7,1
4077,0,"w",2,6,1
1904,0,"b",4,6,1
2764,0,"b",2,6,1
3958,0,"w",3,9,1
4532,0,"w",3,21,1
2495,0,"b",3,5,1
3271,0,"b",3,8,1
2273,0,"w",4,7,0
1744,1,"w",4,6,0
3466,0,"b",4,2,1
3503,0,"b",4,8,0
4869,0,"b",4,2,1
654,0,"b",4,11,1
4009,0,"b",4,6,0
1056,0,"b",4,15,1
60,0,"b",4,5,1
726,0,"b",4,7,0
1228,0,"b",4,5,1
4659,0,"b",4,5,0
4564,0,"w",4,8,1
4161,0,"w",4,7,0
2630,0,"b",4,6,1
4739,0,"b",3,6,1
2906,1,"b",4,6,1
2089,0,"w",3,13,1
4792,0,"w",2,5,0
3350,0,"w",4,2,1
20,0,"b",2,8,0
1217,0,"w",4,5,1
3385,0,"b",4,4,1
2643,0,"b",4,8,1
395,0,"b",3,4,1
2227,0,"b",3,13,1
4727,0,"w",4,2,1
578,1,"w",4,7,0
383,1,"w",4,5,1
484,0,"w",4,4,1
2546,0,"b",3,4,1
1541,0,"w",4,6,1
464,0,"b",4,4,1
2776,0,"b",4,4,1
2080,0,"w",4,8,1
3780,0,"w",3,2,1
4068,0,"w",4,13,1
4868,0,"w",4,8,1
4018,0,"b",4,6,1
753,0,"w",3,4,1
2136,0,"b",4,2,1
2543,0,"w",3,26,1
1567,1,"w",4,13,1
1794,0,"b",4,6,1
1908,0,"b",4,6,1
1059,0,"w",4,13,1
2830,0,"w",4,5,0
4660,0,"b",4,3,1
2232,0,"w",3,7,1
4413,0,"b",2,3,1
319,0,"b",4,6,1
4726,1,"w",4,4,1
4830,1,"w",4,7,0
3689,0,"w",0,4,1
4479,0,"w",4,9,1
3947,0,"w",4,5,1
2655,0,"w",4,7,0
1685,0,"b",2,19,0
3912,0,"b",4,6,0
102,0,"w",4,7,1
4614,0,"b",3,13,1
2318,1,"b",3,7,1
3303,0,"w",3,7,1
1407,1,"b",4,5,1
2892,0,"b",4,7,1
4803,0,"w",4,8,0
372,0,"w",4,7,0
1915,0,"w",4,8,1
3843,0,"b",4,14,1
2582,0,"b",4,8,1
2364,0,"w",4,2,1
4806,0,"b",4,8,1
2798,0,"w",4,5,0
2913,0,"w",4,6,0
1525,0,"w",4,2,1
618,0,"b",2,13,1
2010,1,"b",4,13,1
4499,0,"b",4,7,1
3674,0,"b",4,6,1
4520,0,"b",3,6,1
1869,0,"w",3,2,1
4031,0,"w",2,3,1
1377,0,"b",4,14,1
278,0,"w",0,4,1
1795,0,"w",4,6,0
4763,0,"w",4,9,1
2366,0,"b",4,8,1
1452,0,"b",4,8,1
8,0,"b",3,21,1
1462,0,"w",3,16,1
756,0,"b",3,4,1
2603,0,"b",3,26,1
710,0,"b",4,7,0
4674,0,"w",3,9,1
1095,0,"w",4,9,1
4572,0,"b",4,8,0
2899,0,"w",4,8,1
3306,0,"b",4,6,0
2156,0,"w",4,14,1
2770,0,"b",4,6,1
3279,0,"w",2,5,0
4492,0,"b",4,7,1
13,0,"b",4,4,1
2551,0,"w",4,7,0
1419,0,"w",3,26,1
3517,0,"b",4,8,1
4469,0,"w",4,5,1
626,0,"b",4,2,1
4437,0,"b",4,7,1
3386,1,"b",0,4,1
2618,0,"w",3,26,1
985,0,"w",3,6,1
137,0,"b",4,5,1
2711,0,"w",4,8,1
964,0,"b",4,6,1
2339,0,"b",4,6,1
2601,0,"w",4,9,1
1684,0,"w",4,5,1
860,0,"b",4,2,1
4472,0,"w",4,4,0
2773,0,"b",3,4,1
1327,0,"w",4,12,1
706,0,"w",4,6,1
4081,0,"w",3,8,0
4160,0,"w",4,2,1
4326,0,"b",4,9,1
129,0,"b",4,6,0
2488,0,"w",4,13,1
1156,0,"w",4,7,0
1945,0,"w",4,21,1
622,0,"w",4,5,1
3723,0,"b",4,5,0
3213,0,"b",4,8,1
3717,0,"b",0,4,1
3809,0,"w",4,7,0
4074,1,"b",3,11,1
30,0,"b",4,2,1
1989,0,"w",4,8,0
2023,0,"w",3,6,1
903,0,"w",3,14,1
347,0,"w",2,1,0
1570,0,"w",3,4,1
963,0,"b",4,6,1
2722,0,"b",4,6,1
2026,0,"w",3,16,1
4506,0,"b",4,8,1
3660,0,"b",4,6,1
3770,0,"b",3,3,1
189,0,"b",4,26,0
2270,0,"w",4,8,1
3504,0,"b",4,10,1
685,0,"b",3,6,1
2099,1,"b",3,4,1
387,0,"w",4,8,0
702,0,"w",4,6,1
1260,0,"w",4,8,1
99,0,"b",4,3,1
2557,1,"w",4,13,1
289,0,"w",4,15,1
1699,0,"b",3,13,1
928,0,"w",3,6,1
3910,0,"w",1,10,0
4206,0,"b",3,13,1
392,0,"b",4,14,1
3996,0,"w",2,5,0
391,0,"w",3,2,1
2151,0,"b",4,5,1
3134,0,"w",4,26,0
396,0,"w",3,2,0
4704,1,"w",4,4,1
4228,0,"b",4,5,1
3220,0,"w",4,8,1
3774,0,"b",4,11,1
2960,0,"w",4,14,1
1159,0,"w",3,13,1
2275,0,"b",4,18,1
2824,0,"w",4,8,1
866,0,"b",3,4,1
1601,0,"b",4,5,1
157,0,"b",4,14,0
1480,0,"w",4,5,1
4310,0,"b",4,3,1
1568,0,"b",3,16,1
485,0,"w",4,6,1
820,0,"b",3,16,1
4388,0,"b",4,8,1
2644,0,"w",4,6,1
53,0,"w",4,13,1
999,0,"w",4,6,1
4719,0,"b",4,3,1
3889,0,"w",4,7,0
50,0,"b",4,5,1
4813,0,"b",4,8,1
265,0,"w",4,6,1
442,0,"b",4,10,1
829,0,"w",4,7,0
1225,0,"b",4,8,1
2456,0,"b",4,8,1
203,0,"w",3,9,1
1752,0,"b",4,9,1
4015,0,"w",4,6,1
4390,0,"b",4,18,1
1178,0,"b",4,7,1
4680,0,"w",4,21,1
4121,0,"b",1,10,0
861,0,"w",2,19,0
3458,0,"b",4,2,1
2806,0,"b",1,4,1
2606,0,"b",3,4,1
4626,0,"b",4,8,1
652,0,"b",4,5,0
1457,0,"w",4,7,1
904,0,"b",4,12,1
2723,0,"w",4,10,1
371,0,"b",4,2,1
2762,0,"b",4,26,0
1282,0,"b",4,14,1
1447,1,"w",4,20,0
2052,0,"b",4,4,1
4716,0,"w",4,14,1
2420,0,"b",4,4,1
1322,0,"b",4,4,1
1066,0,"b",4,8,1
1118,0,"b",4,14,1
3907,0,"w",4,6,1
1977,0,"w",4,4,1
4099,0,"w",4,8,1
3814,0,"w",4,18,1
4615,0,"w",4,13,1
3867,0,"w",4,6,1
3276,1,"w",4,6,0
516,0,"b",4,5,1
4148,0,"b",4,8,0
1068,0,"w",4,21,1
919,0,"w",3,9,1
3304,0,"w",4,5,0
2607,0,"w",3,16,1
3003,0,"b",4,14,1
3921,0,"b",0,5,1
4325,0,"b",3,6,1
1357,0,"b",4,6,1
3700,0,"b",4,5,0
197,0,"b",4,26,0
4163,0,"w",4,8,1
1078,0,"w",3,12,1
3277,1,"b",4,7,0
3544,0,"w",4,6,1
4634,0,"w",4,9,1
4173,0,"w",4,14,1
914,0,"b",2,11,1
2503,0,"w",4,6,1
1128,0,"w",4,6,1
2387,0,"w",4,8,1
1039,0,"w",3,16,1
1101,0,"w",4,6,1
1406,0,"b",4,18,1
1873,0,"w",3,6,1
1692,0,"w",4,11,1
2780,0,"b",4,11,1
3849,0,"w",4,7,0
4857,0,"b",4,6,1
2449,0,"b",4,18,1
3249,1,"w",4,26,0
1429,0,"w",4,14,1
1445,1,"w",3,4,1
1755,0,"b",4,21,1
1850,0,"b",2,5,1
1436,1,"w",4,5,1
3013,0,"w",4,18,1
1831,0,"w",3,5,1
399,0,"w",4,8,1
3550,0,"b",4,7,0
1030,0,"w",4,18,1
3365,1,"w",4,5,1
2496,0,"w",4,9,1
1033,0,"b",4,2,1
1534,0,"b",4,6,1
3988,0,"b",4,3,1
3420,0,"b",3,4,1
1284,1,"w",3,4,1
4808,0,"b",4,6,1
3305,0,"b",4,4,1
1090,0,"w",3,5,1
4306,0,"b",3,5,1
651,0,"b",4,6,1
1635,0,"w",3,4,1
4233,0,"w",4,6,1
3748,0,"b",4,5,1
2004,0,"b",4,2,1
211,1,"w",4,4,1
4466,0,"w",4,6,1
4291,0,"b",4,4,1
3659,0,"w",4,2,1
3008,0,"b",4,6,1
3051,0,"b",4,7,0
315,0,"w",3,5,1
3130,0,"b",4,11,1
560,0,"b",4,2,1
2254,0,"w",3,3,1
4589,0,"b",4,7,0
3282,0,"w",4,9,1
3488,0,"b",4,6,1
18,0,"b",4,6,0
410,0,"w",4,7,0
3469,0,"w",4,8,1
3201,0,"w",4,8,1
3636,0,"b",2,3,0
2958,0,"w",4,2,1
3716,1,"w",4,4,0
2989,0,"b",4,6,1
2133,0,"w",4,3,1
2325,1,"w",2,8,0
643,0,"b",4,5,0
4530,0,"b",4,6,1
1651,0,"w",3,9,1
1597,0,"w",4,20,1
1614,0,"b",4,5,1
3911,0,"w",4,7,0
415,0,"w",4,8,0
4559,1,"w",4,5,1
921,0,"b",4,6,1
3360,1,"b",2,4,1
755,0,"b",4,4,1
1693,0,"b",3,4,1
1107,0,"w",4,11,1
3515,0,"b",4,7,0
604,0,"b",0,18,1
88,0,"b",4,3,1
2307,0,"b",4,9,1
2786,0,"b",3,16,1
2015,0,"b",4,8,1
1803,0,"w",4,5,0
4329,0,"w",3,6,1
2880,0,"b",3,7,1
2124,0,"b",4,6,1
3116,0,"w",4,6,1
443,1,"w",4,6,1
953,1,"w",4,6,1
555,0,"w",4,6,1
2902,0,"b",4,8,1
3959,0,"b",2,5,1
324,0,"w",4,6,1
3402,0,"b",3,3,1
2200,0,"b",3,13,1
650,0,"w",4,11,1
2937,0,"w",4,15,1
4858,0,"b",4,2,1
4509,0,"w",3,2,1
2501,0,"b",2,3,1
2559,0,"w",4,20,1
518,0,"b",3,5,1
1006,0,"w",4,2,1
1369,0,"w",4,5,1
3631,1,"w",4,4,1
4606,0,"b",4,18,1
2576,0,"w",4,13,1
4282,0,"b",3,5,1
3752,0,"b",4,6,1
552,0,"b",4,6,1
202,1,"w",4,8,1
2344,0,"w",4,6,1
3556,0,"w",4,6,1
405,0,"w",4,9,1
1922,0,"b",3,5,1
4602,0,"w",4,8,0
4795,0,"w",4,6,1
1055,0,"w",4,5,1
3669,0,"w",4,2,0
1751,0,"w",3,11,1
3377,0,"w",4,1,1
476,1,"w",3,21,1
54,0,"b",4,19,1
2363,0,"w",4,14,1
732,0,"w",4,8,1
311,0,"w",4,5,1
1138,0,"w",4,2,1
713,0,"b",4,8,1
3582,0,"b",4,2,1
2218,0,"w",3,4,1
3132,0,"w",4,14,1
1976,0,"b",4,6,1
2473,0,"b",4,7,1
2823,0,"b",4,6,1
2702,0,"b",4,6,1
243,0,"b",4,5,1
3043,1,"b",4,11,1
3121,0,"b",4,7,0
3177,0,"b",4,7,0
4312,0,"b",4,8,0
3711,0,"w",3,1,1
3494,0,"b",4,2,1
4849,1,"b",4,8,1
3842,0,"b",4,8,1
4833,0,"b",3,5,0
481,0,"w",4,4,1
3437,0,"b",4,10,1
2716,0,"b",4,2,1
3255,0,"w",4,6,1
3710,0,"b",0,4,1
3106,0,"w",4,8,0
1921,0,"w",3,8,1
1254,1,"b",4,6,1
34,0,"b",4,6,1
39,0,"b",3,4,1
149,0,"b",4,7,1
757,1,"w",4,5,1
4379,0,"w",4,7,0
4590,0,"b",4,8,1
3020,1,"w",4,9,1
3943,0,"w",2,4,1
1573,0,"w",3,4,0
1912,1,"w",1,10,0
935,0,"b",4,3,1
2407,0,"b",4,6,1
2732,0,"b",4,7,0
195,0,"w",4,26,0
4198,0,"w",4,2,1
388,0,"b",4,5,1
1147,0,"w",4,7,0
266,0,"b",4,2,1
1460,0,"b",3,7,1
962,0,"w",4,14,1
3197,0,"w",4,10,1
496,0,"w",2,4,0
2121,0,"b",4,7,1
1000,0,"w",4,8,1
455,0,"b",3,7,1
1214,1,"b",4,22,1
4024,0,"b",3,15,1
2690,0,"b",4,11,1
2040,0,"b",4,13,1
3108,0,"w",4,8,1
1468,0,"b",4,6,1
1016,0,"b",4,2,1
2839,0,"w",4,8,1
4562,1,"b",4,4,1
2881,0,"w",4,20,1
3070,0,"b",3,16,1
494,0,"w",4,9,1
3341,1,"w",2,4,0
4649,0,"b",1,4,1
975,0,"w",3,5,1
3355,0,"b",4,6,1
2468,1,"w",4,8,1
4207,0,"w",4,6,1
3812,0,"w",4,7,0
1824,0,"w",4,1,1
2561,0,"b",4,7,1
3014,0,"b",4,2,1
3373,0,"w",4,4,1
2996,0,"w",4,14,1
2849,1,"w",4,4,0
1560,0,"w",2,16,1
1483,0,"w",4,9,0
2537,0,"w",3,4,1
2374,0,"w",4,5,1
517,0,"w",2,3,1
3821,0,"w",4,2,1
4677,0,"w",4,13,1
3701,0,"b",3,8,1
3998,0,"b",2,6,1
1619,0,"w",4,19,1
2893,0,"w",4,7,1
1070,0,"b",4,6,1
828,0,"b",3,6,1
1416,0,"b",3,16,1
941,0,"b",4,4,1
1855,0,"w",3,6,1
4230,0,"w",4,5,0
4083,0,"w",4,7,1
2333,0,"w",4,5,1
3935,0,"b",4,12,1
3789,0,"w",3,3,1
1644,0,"w",4,5,1
296,0,"b",4,5,1
776,0,"b",4,5,1
2058,0,"b",4,9,1
3415,0,"w",2,9,0
4745,0,"w",3,16,1
1876,0,"b",2,3,1
2103,0,"b",2,16,1
972,0,"b",4,8,1
4258,0,"b",3,5,1
4090,0,"w",4,8,1
2033,0,"b",4,7,1
3491,0,"w",4,6,1
2987,0,"w",4,6,1
1126,0,"b",3,6,1
1414,0,"b",4,5,1
1835,0,"b",4,4,0
2329,0,"b",4,9,1
1814,0,"b",4,6,1
461,0,"w",3,4,1
916,0,"b",3,6,1
1191,0,"b",3,11,1
2186,0,"b",4,8,1
3041,0,"b",4,6,1
1853,0,"w",2,4,0
2134,0,"w",4,4,1
3938,0,"b",3,12,1
4856,0,"w",4,7,0
3356,0,"b",1,4,1
264,0,"b",4,5,1
620,0,"w",3,11,1
1555,0,"b",3,13,1
1285,0,"w",4,7,0
4822,0,"b",4,6,1
1934,0,"b",2,13,1
2141,0,"w",4,6,1
4699,0,"b",3,5,1
864,0,"b",4,9,1
4323,0,"w",3,12,1
2365,0,"w",4,8,1
502,0,"w",4,6,1
968,0,"b",4,6,1
259,0,"w",4,12,1
1139,0,"b",4,7,0
3771,0,"w",4,11,1
2380,1,"b",4,13,1
2637,0,"b",4,14,1
3256,0,"w",4,2,1
3969,0,"w",4,6,0
704,0,"w",2,8,0
4316,0,"w",3,3,1
1317,0,"w",4,4,1
671,0,"w",3,2,1
2182,0,"w",4,8,1
2142,0,"w",4,6,1
4165,0,"w",4,7,0
1748,0,"b",4,5,0
1792,0,"b",4,5,1
1122,0,"w",4,6,1
1726,0,"b",3,5,1
1028,0,"w",4,26,0
3009,1,"b",4,8,1
3663,0,"w",4,15,1
661,0,"w",4,6,1
3622,0,"b",4,2,1
2000,0,"w",4,6,1
5,0,"w",3,22,1
3460,0,"w",4,7,0
3999,0,"w",4,11,1
1805,0,"b",4,44,1
3957,0,"w",4,6,1
2717,0,"b",4,5,1
1252,0,"w",4,7,0
2851,0,"b",4,3,1
2766,0,"b",3,6,1
819,0,"w",3,21,1
2744,0,"b",4,9,1
2835,0,"b",4,7,1
2605,0,"w",3,13,1
4280,0,"w",3,4,1
1588,0,"b",2,6,1
2747,1,"b",4,7,0
4769,0,"b",4,2,1
1757,0,"b",4,5,0
3046,0,"b",4,6,1
1173,0,"b",3,5,0
950,0,"b",4,6,1
1760,0,"b",4,11,1
1168,0,"b",3,4,1
1768,0,"b",0,5,1
2549,0,"w",3,1,1
1787,0,"w",4,6,1
332,0,"b",2,6,1
740,0,"b",4,10,1
1354,0,"b",3,4,1
1224,0,"w",4,6,1
4442,0,"w",4,8,1
3925,0,"b",4,4,1
1238,0,"b",4,8,1
1350,0,"w",4,9,1
1549,0,"b",3,16,1
2159,0,"w",4,26,0
2371,0,"w",4,9,1
139,0,"b",3,6,1
1714,0,"b",3,26,1
3884,0,"b",4,6,1
2861,0,"w",4,4,0
2459,0,"w",4,8,0
1543,0,"b",4,7,0
3493,0,"b",2,15,0
980,0,"b",4,5,1
721,0,"w",4,6,1
1490,0,"w",4,4,1
1132,0,"w",4,9,1
1152,0,"b",4,8,1
1818,0,"w",4,4,0
2474,0,"w",3,2,1
1177,0,"w",3,8,1
3680,0,"b",0,5,1
553,0,"w",4,8,1
343,0,"w",4,12,1
4384,0,"w",4,7,0
330,0,"b",2,5,0
3868,0,"w",4,26,0
2507,0,"w",4,4,1
3537,0,"b",4,2,1
2868,0,"b",4,7,1
4430,0,"b",1,4,1
1688,0,"b",3,4,1
389,1,"w",4,20,0
241,0,"b",4,4,1
989,1,"b",4,3,1
1689,0,"w",3,16,1
4027,0,"b",4,4,1
3829,0,"w",4,6,1
16,0,"w",1,4,1
199,0,"b",4,8,1
3542,0,"b",4,14,1
1741,1,"w",4,5,1
2445,0,"w",4,14,1
3968,0,"b",4,8,1
2291,0,"b",4,8,1
2888,0,"w",4,3,1
630,0,"w",4,6,1
4498,0,"w",4,6,1
3010,0,"w",4,8,1
655,0,"w",4,6,1
1956,0,"w",3,15,1
1484,0,"b",4,8,1
2438,0,"w",4,2,1
3593,0,"w",4,14,1
3164,0,"w",4,10,1
4427,0,"w",2,6,0
3485,1,"w",4,13,1
3414,0,"w",2,6,1
961,0,"w",4,6,1
4131,0,"w",3,2,0
923,0,"w",4,13,1
3546,0,"w",4,18,1
730,0,"b",3,13,1
3223,0,"w",4,8,0
1271,0,"b",4,2,1
1732,0,"b",3,12,1
4374,0,"b",3,7,1
4016,0,"b",4,6,1
3440,0,"w",3,8,1
2761,1,"b",4,10,1
3018,0,"b",4,10,1
1903,0,"w",4,7,0
4635,0,"w",4,6,1
1356,0,"b",4,11,1
2772,0,"b",4,4,0
359,0,"w",4,8,1
167,0,"b",4,10,0
3645,1,"w",2,6,1
4042,0,"w",3,3,1
2317,1,"w",3,13,1
3530,0,"b",4,8,1
1722,0,"b",4,7,0
3027,0,"w",4,9,1
175,0,"w",4,18,1
3087,0,"b",3,4,1
4500,0,"b",4,4,1
1999,0,"w",4,7,0
633,0,"w",4,8,1
2294,0,"w",4,14,1
1972,0,"w",4,3,1
2160,0,"w",4,2,1
1765,0,"b",4,5,1
3584,0,"w",4,2,1
521,0,"w",4,4,1
4236,0,"w",4,7,1
2991,0,"w",4,14,1
3252,0,"b",4,8,1
3330,0,"w",4,5,0
3433,0,"w",4,7,1
616,0,"w",4,7,1
4073,1,"b",3,8,0
508,0,"b",4,14,1
3411,0,"w",4,3,1
4821,0,"b",4,2,1
2753,0,"w",3,5,0
3232,0,"b",4,6,1
809,0,"b",3,5,1
2181,0,"w",4,7,0
2928,0,"w",4,12,1
3023,0,"w",3,7,1
3583,0,"w",4,6,1
2926,0,"b",3,21,1
3738,0,"b",3,6,1
1868,0,"w",4,4,0
4605,0,"w",4,8,1
344,0,"w",3,16,1
1032,0,"b",4,2,1
1456,0,"b",4,4,1
4790,0,"b",4,14,0
1578,0,"b",3,4,1
4202,0,"b",4,6,0
3001,0,"w",4,26,0
4273,0,"w",4,14,1
4213,0,"w",4,9,1
4063,0,"b",2,6,0
1885,0,"w",4,10,1
969,0,"w",4,3,1
763,0,"b",3,13,1
1721,0,"w",4,6,0
2221,0,"b",4,14,1
1745,0,"w",4,5,0
2088,0,"b",4,13,1
3005,0,"b",4,6,1
2891,0,"b",3,3,0
2826,0,"b",3,21,1
3426,0,"b",3,4,1
1608,0,"w",4,5,1
942,0,"w",4,5,1
2961,0,"w",4,14,1
3328,0,"w",4,5,1
1944,0,"b",3,22,1
1302,0,"w",3,5,0
4594,0,"b",4,8,1
937,0,"b",4,5,1
2096,0,"b",3,2,0
3035,0,"w",4,11,1
2734,0,"w",3,7,1
3478,0,"w",4,18,1
1593,0,"w",4,8,1
3965,0,"w",4,7,0
837,0,"w",4,7,0
1841,0,"b",4,6,0
3111,0,"b",4,8,1
2239,0,"b",3,6,1
4252,0,"w",4,4,0
2956,0,"b",4,8,1
4259,0,"w",2,4,0
4216,0,"w",4,5,1
2179,0,"w",4,6,1
1157,0,"w",4,2,1
4775,0,"b",4,8,1
4708,0,"w",4,10,1
3634,1,"w",4,6,1
4839,0,"w",4,6,1
4292,0,"w",3,3,1
2452,0,"b",4,10,1
2565,0,"b",4,6,1
1379,0,"w",4,13,1
4332,0,"b",3,21,1
2757,0,"w",4,10,1
3693,1,"w",4,8,1
4360,0,"b",4,8,1
3468,0,"w",4,9,1
1717,0,"b",3,13,1
4041,0,"b",3,4,1
867,0,"w",3,4,1
2627,1,"b",3,13,1
2328,0,"b",1,10,0
1867,0,"b",0,4,1
1628,0,"w",4,10,1
4164,0,"b",4,6,1
603,0,"b",4,10,1
658,0,"b",4,11,1
3899,0,"b",4,8,1
4853,0,"w",3,13,1
1162,0,"b",4,11,1
3714,0,"b",3,16,1
103,0,"b",4,4,0
153,0,"w",3,12,1
2626,0,"w",4,9,1
328,0,"w",4,5,0
1750,0,"b",4,11,1
2775,0,"w",4,4,1
3577,0,"b",4,6,1
1318,0,"b",2,4,1
2345,0,"w",4,6,1
2027,1,"w",4,16,1
250,0,"b",3,10,1
4183,0,"b",3,9,1
2621,1,"w",4,9,1
1971,0,"w",4,11,1
2390,0,"b",4,8,1
1024,0,"b",4,6,1
4169,1,"b",4,2,1
3802,0,"w",4,20,1
571,0,"w",4,6,1
3216,0,"b",4,2,1
4866,0,"b",3,1,1
4087,0,"b",4,14,1
890,0,"b",4,11,1
2191,0,"w",4,8,1
1941,0,"w",4,21,1
816,0,"b",4,4,1
2997,0,"w",4,8,1
3030,0,"b",3,7,1
1766,0,"w",4,6,1
4205,0,"b",2,11,1
4512,0,"b",3,6,1
3906,0,"w",4,8,0
4242,1,"b",4,2,1
2110,0,"b",4,26,0
1336,0,"w",3,12,1
4646,0,"b",3,7,1
115,0,"w",3,4,1
1352,0,"w",4,6,1
1799,0,"b",4,5,0
4842,0,"b",4,8,1
4867,0,"b",4,6,1
761,0,"w",4,12,1
506,0,"w",4,6,1
2789,0,"b",4,3,1
3475,0,"w",4,16,0
577,1,"b",3,26,1
2011,1,"b",3,13,1
783,0,"b",4,3,1
815,0,"b",4,5,1
2995,0,"w",4,8,1
3741,0,"w",4,8,1
842,0,"w",4,6,1
3869,0,"w",4,18,1
2394,0,"b",3,13,1
688,0,"w",4,3,1
4548,0,"b",2,20,1
988,1,"w",3,5,1
161,0,"w",2,1,0
3090,0,"w",4,9,1
1574,1,"w",4,5,1
242,0,"w",4,4,1
2129,0,"b",4,5,1
1206,0,"b",4,6,1
2795,0,"b",3,8,1
374,0,"w",4,8,1
3522,0,"w",4,6,1
2025,0,"b",4,15,1
1954,0,"b",3,10,1
3908,0,"b",2,8,0
184,0,"w",4,18,1
3624,0,"b",4,8,1
3214,0,"b",4,8,1
1540,0,"w",4,8,1
2369,0,"b",3,4,1
3258,1,"b",4,14,1
4581,0,"b",4,8,1
2375,0,"w",4,7,0
2063,0,"w",4,8,0
3791,1,"w",3,8,1
2866,0,"b",4,10,1
4290,0,"w",4,4,1
165,0,"w",4,7,1
3677,0,"w",3,4,1
3870,0,"w",4,8,1
3354,0,"w",4,4,0
4656,0,"b",4,4,1
811,0,"w",3,6,1
1983,0,"b",3,8,1
1182,0,"b",4,12,1
2511,0,"b",4,7,0
3810,0,"w",4,8,1
1762,0,"b",4,11,1
3696,1,"w",3,8,1
3744,0,"w",3,5,1
3962,0,"w",4,4,1
3638,0,"b",4,4,1
1184,0,"w",2,19,0
2978,0,"w",4,8,1
663,0,"w",4,4,1
2402,0,"b",3,26,1
1212,1,"w",3,19,1
3788,0,"b",3,11,1
4761,0,"b",4,10,1
1674,0,"b",4,7,0
1427,0,"w",3,13,1
3370,0,"b",4,5,1
4569,0,"b",4,18,1
1858,0,"b",3,5,1
2372,0,"b",2,16,1
4478,0,"b",2,18,0
857,0,"b",4,7,0
1065,0,"w",4,8,1
4570,0,"b",4,8,1
2523,0,"b",4,6,1
2920,0,"b",3,8,1
2784,0,"b",4,6,0
407,0,"w",4,7,0
4592,0,"b",4,8,1
3729,0,"w",4,4,1
4855,0,"w",4,8,1
2883,1,"b",0,4,1
1137,0,"w",4,2,1
2502,0,"b",4,3,1
4754,0,"b",3,5,1
381,0,"b",4,5,1
213,0,"b",3,4,1
4729,1,"b",4,5,1
3296,0,"w",4,5,0
3321,0,"b",4,5,1
226,0,"w",3,5,1
1881,0,"w",3,17,1
4092,0,"w",4,6,1
1870,0,"b",4,4,1
775,0,"w",4,5,1
2386,0,"b",4,9,1
2283,0,"b",4,6,1
1863,0,"b",2,6,1
214,0,"w",2,6,1
4056,0,"w",4,6,0
3719,0,"w",4,6,1
2802,0,"w",4,5,1
2675,0,"w",3,13,1
470,0,"b",4,12,1
4330,0,"w",4,5,1
2985,0,"b",4,5,1
3110,0,"b",4,7,0
945,0,"b",4,6,1
4631,0,"b",4,11,1
1397,0,"b",4,20,0
4709,0,"b",2,6,1
1861,0,"w",3,5,1
3033,0,"b",2,16,1
4618,0,"b",4,20,0
229,0,"w",3,4,1
62,0,"w",3,5,1
1103,0,"w",4,6,1
1528,0,"b",4,6,1
403,0,"w",3,13,1
130,0,"w",3,8,1
3736,0,"b",4,3,1
4741,0,"b",3,2,1
2566,0,"w",4,6,1
1347,0,"w",4,11,1
983,0,"b",3,21,1
2831,0,"w",4,5,1
4568,0,"w",4,13,1
451,0,"b",2,6,1
3182,0,"b",4,8,1
2193,0,"b",4,11,1
2640,0,"b",4,6,1
1634,0,"b",4,6,0
2017,0,"w",4,4,1
4690,0,"b",0,4,1
3326,0,"b",4,6,1
2919,0,"w",4,8,1
3092,0,"b",4,9,1
185,0,"b",4,8,1
3578,0,"b",4,2,1
1936,1,"w",4,5,1
228,0,"w",4,5,1
4361,0,"w",3,4,1
1073,0,"w",2,4,1
1111,0,"b",4,3,1
1638,0,"w",4,8,1
4219,0,"w",4,7,0
3012,0,"w",4,7,0
2277,0,"w",4,6,1
2008,0,"b",3,7,1
4859,0,"b",4,2,1
3595,0,"b",4,8,1
3049,0,"w",4,6,1
581,0,"b",4,6,1
3498,0,"w",4,2,1
2341,0,"w",4,8,1
3263,0,"w",4,8,1
4381,0,"w",4,2,1
1967,0,"b",3,6,1
2413,0,"b",3,9,1
4651,0,"w",4,5,1
3739,0,"w",4,10,1
3238,0,"b",4,26,0
947,0,"w",4,5,1
656,0,"w",4,11,1
1662,0,"w",4,6,1
1822,0,"w",0,5,1
1394,0,"b",4,8,1
817,0,"w",4,12,1
3686,0,"b",4,6,1
1026,0,"w",4,7,0
3580,1,"w",4,8,1
738,0,"b",2,19,0
948,0,"w",4,6,1
4636,0,"b",4,7,1
1493,0,"b",4,7,1
3743,0,"b",3,5,1
2224,0,"w",4,11,1
2584,0,"b",4,8,1
3673,0,"b",2,2,0
2736,0,"b",3,2,0
780,0,"w",4,8,1
2399,0,"w",3,4,1
4793,0,"b",2,8,1
2745,1,"w",3,16,1
3074,0,"b",3,5,0
495,0,"b",4,5,0
3427,0,"b",4,15,1
273,1,"w",4,6,1
3564,0,"w",4,2,1
1790,0,"w",4,4,1
4770,0,"b",4,5,1
1248,0,"w",3,6,1
424,0,"b",4,2,1
1307,0,"w",3,2,1
163,0,"w",4,21,1
3646,1,"b",4,11,1
1387,0,"b",4,6,1
3163,0,"w",4,7,0
2353,0,"b",4,8,1
4728,0,"w",4,2,1
2031,0,"w",4,3,1
2781,0,"w",1,4,1
4008,1,"b",4,2,0
2729,0,"w",1,10,0
960,0,"b",4,11,1
1280,0,"b",3,4,1
1092,0,"b",4,5,1
733,0,"b",3,13,1
798,0,"w",4,4,1
4641,0,"w",4,11,1
920,0,"w",3,8,1
3594,0,"b",4,18,1
3219,0,"w",4,2,1
1220,0,"w",4,5,1
2216,0,"b",3,13,1
3628,0,"b",4,6,0
2793,0,"w",3,9,1
2871,0,"w",4,10,1
2673,0,"w",3,26,1
1828,0,"b",4,3,1
2397,0,"w",4,7,1
4508,0,"b",3,4,1
499,0,"b",4,5,1
4730,0,"b",2,5,0
1676,0,"w",4,2,1
3058,0,"b",4,26,0
680,0,"b",4,12,1
2509,0,"w",4,5,1
1953,0,"w",4,9,1
1100,0,"b",4,5,0
4075,0,"w",4,14,1
2590,0,"w",4,6,1
4692,0,"w",4,23,1
1458,0,"w",4,6,1
368,0,"b",4,8,0
3463,0,"b",4,6,1
3940,0,"w",3,9,1
2242,0,"w",4,7,1
2070,0,"b",4,2,1
320,0,"b",3,6,1
3319,0,"b",3,4,1
2754,0,"b",3,4,1
4416,0,"b",4,2,1
3975,0,"b",4,7,1
4356,0,"w",4,8,0
2393,1,"w",4,5,1
628,0,"b",3,5,1
2082,0,"b",4,8,1
2774,0,"w",3,4,1
2629,0,"w",4,3,1
2471,0,"w",3,4,1
3102,0,"b",4,6,1
478,1,"w",3,5,1
580,0,"w",4,5,1
4187,0,"b",4,4,1
4740,1,"w",4,6,1
4504,0,"w",4,4,1
3773,1,"w",4,6,0
3532,0,"w",4,14,1
788,0,"b",4,9,0
565,0,"w",4,8,1
3509,0,"w",4,6,1
4816,0,"b",4,8,1
4286,1,"b",4,2,1
588,0,"b",4,6,1
3120,0,"w",4,6,1
237,0,"b",3,9,1
3422,0,"w",3,4,1
1898,0,"w",4,20,0
4436,0,"b",4,15,1
2718,0,"w",4,8,1
2905,0,"w",3,6,1
4665,0,"w",3,21,1
1289,0,"w",2,19,0
1672,0,"w",4,2,1
3484,0,"w",4,8,1
3228,0,"b",4,6,1
114,0,"b",4,5,1
879,0,"b",3,2,0
3443,0,"w",4,14,1
2697,1,"w",4,7,0
2295,0,"w",4,8,0
4470,0,"b",4,5,1
2249,0,"w",4,6,1
3399,0,"b",4,4,1
1014,0,"b",4,2,1
4397,0,"b",4,9,1
940,0,"b",4,4,1
4629,0,"b",4,8,0
1942,0,"b",4,15,1
4558,0,"b",3,4,1
4781,0,"b",4,6,1
4444,0,"b",3,9,1
4217,0,"b",3,7,1
1349,0,"b",4,10,1
4528,0,"b",4,5,1
4772,0,"b",2,3,1
4591,0,"b",4,6,1
1115,0,"w",4,6,1
2685,0,"b",3,13,1
3147,0,"w",4,18,1
4722,0,"w",4,3,1
3505,0,"w",4,8,0
2567,0,"b",4,14,1
4193,0,"b",4,4,1
2990,0,"b",4,10,1
1587,0,"w",3,5,1
827,0,"b",3,5,1
668,0,"b",3,21,1
4812,0,"w",4,2,1
3337,0,"w",4,4,1
4518,0,"w",3,5,1
354,0,"b",3,5,0
4653,0,"w",4,4,1
4328,0,"b",2,1,0
3401,0,"w",3,3,0
1673,0,"b",4,7,0
967,0,"w",4,4,1
2236,0,"b",4,26,0
2752,0,"w",4,9,1
4799,0,"w",4,2,1
3410,0,"b",4,4,1
2506,0,"b",4,6,1
3447,0,"w",4,7,0
2874,0,"b",4,6,1
42,0,"b",4,5,0
826,0,"w",4,5,1
1494,0,"b",4,4,1
2578,0,"w",4,20,0
1916,1,"b",2,8,0
705,0,"b",4,10,1
2306,0,"w",4,13,1
4826,0,"b",2,16,1
232,0,"b",4,21,1
684,0,"b",3,5,1
3226,0,"b",4,2,1
2916,0,"b",4,4,0
3824,0,"b",4,8,1
152,0,"b",4,9,1
361,0,"w",4,8,0
1775,0,"b",3,8,1
4684,0,"b",4,6,1
886,1,"w",4,4,1
3854,0,"b",4,8,0
2999,0,"b",4,6,1
1411,1,"w",2,16,1
4667,0,"b",3,22,1
1646,0,"b",4,5,1
2215,0,"b",2,19,0
910,1,"w",4,11,1
3922,0,"b",2,6,1
694,0,"b",4,5,1
3721,0,"b",4,2,1
3061,0,"w",4,8,1
1561,0,"w",3,4,1
2801,0,"b",4,5,1
308,0,"w",3,2,1
3547,0,"w",4,8,0
3512,0,"w",4,18,1
1025,0,"b",4,2,1
3963,0,"w",3,8,1
2837,0,"w",4,8,1
4800,0,"w",4,7,0
2796,0,"w",3,6,1
4369,0,"w",4,2,1
3733,0,"b",4,5,1
2422,0,"w",4,4,1
4467,0,"w",4,7,1
3423,0,"w",4,3,1
4253,0,"w",4,5,0
1012,0,"w",4,8,1
3339,0,"w",4,3,1
2114,0,"b",3,9,1
4289,0,"b",4,5,1
2885,0,"b",4,3,1
1813,0,"b",4,6,1
2427,0,"w",4,4,1
3796,0,"b",3,3,1
2612,0,"b",3,26,1
2021,0,"w",4,7,1
3393,0,"w",4,6,1
2941,0,"w",2,9,1
3260,0,"w",4,26,0
4071,1,"w",4,6,0
4298,0,"b",0,4,1
2998,0,"w",4,7,0
834,0,"w",4,2,1
3633,0,"w",4,7,1
4758,1,"b",4,5,0
2143,0,"b",4,14,1
4185,0,"w",4,4,1
2237,0,"w",3,7,1
1422,0,"b",3,4,1
2417,0,"b",4,5,1
2065,0,"w",4,6,1
1962,0,"w",4,7,1
3893,0,"w",4,6,1
1682,0,"b",4,8,1
1440,0,"b",4,9,1
528,0,"w",4,5,1
3514,0,"b",4,6,1
3924,0,"w",4,5,0
2321,0,"b",4,11,1
836,0,"w",4,8,1
4825,0,"w",4,11,1
1131,0,"b",2,9,1
2767,0,"w",4,7,1
2686,0,"w",4,13,1
1343,0,"w",2,3,1
3761,0,"w",4,4,1
1464,0,"b",4,7,1
2639,0,"w",4,6,1
1893,1,"w",3,12,1
448,1,"w",4,11,1
760,0,"b",4,11,1
1605,0,"w",3,6,1
3288,0,"b",4,3,1
1018,0,"b",4,8,1
110,0,"w",4,6,0
3158,0,"b",4,3,1
549,0,"w",4,6,1
221,0,"w",4,11,1
4002,0,"b",3,6,0
3154,0,"b",4,8,1
847,0,"b",4,2,1
4546,0,"b",4,7,1
813,0,"w",4,6,1
1556,0,"w",3,1,1
1819,0,"b",4,7,1
305,0,"b",3,6,1
4270,0,"b",4,6,1
3221,0,"b",4,8,1
2301,0,"b",3,7,1
2256,1,"b",4,2,1
4003,0,"w",4,8,1
2622,1,"b",4,8,1
4501,0,"w",4,5,1
4223,0,"b",3,9,1
3239,0,"b",4,7,0
323,0,"b",3,6,1
3181,0,"w",4,14,1
2267,0,"b",4,6,1
4238,0,"w",4,5,1
2494,0,"b",4,4,1
781,0,"b",4,6,1
1926,0,"b",3,4,1
3470,0,"b",4,14,1
859,0,"b",4,8,1
4783,1,"w",3,18,1
532,0,"b",3,8,1
930,0,"b",3,5,1
1836,0,"b",2,5,1
4818,0,"w",4,2,1
206,0,"b",4,15,1
924,0,"b",4,19,1
3847,0,"b",4,2,1
640,0,"w",4,4,1
4178,0,"b",3,6,1
1719,0,"w",4,7,1
4566,0,"w",4,14,1
1325,0,"b",3,13,1
2470,1,"b",4,9,1
4354,0,"w",4,8,1
2347,0,"w",4,8,0
3063,0,"w",2,16,1
3618,0,"b",4,8,1
3335,0,"b",4,5,1
3080,0,"b",4,5,1
4124,0,"b",4,6,1
2596,0,"w",4,7,0
2078,0,"w",4,7,0
2348,0,"b",4,14,1
2061,0,"b",4,2,1
3500,0,"w",4,7,0
1496,0,"b",4,2,1
1500,0,"b",4,3,1
488,0,"b",4,4,1
4404,1,"b",4,18,1
2769,0,"w",0,4,1
2790,0,"w",3,13,1
2243,0,"w",3,9,1
557,0,"b",4,2,1
851,0,"w",4,6,1
3592,1,"w",4,6,1
2564,0,"w",4,4,1
2645,0,"w",4,7,0
3971,0,"b",3,7,0
4333,1,"w",4,20,1
2954,0,"w",4,8,1
566,0,"w",4,7,0
4318,0,"w",4,4,1
1961,1,"b",4,3,1
36,0,"w",3,5,1
4820,0,"w",4,6,1
1875,0,"w",3,5,1
664,0,"b",4,8,1
4760,0,"b",4,12,1
908,0,"b",3,22,1
4237,0,"b",4,5,1
1545,0,"w",3,13,1
1725,0,"w",4,4,1
690,0,"b",4,8,1
1481,0,"w",4,7,1
2749,1,"w",3,7,1
1602,0,"w",4,5,1
582,0,"b",4,2,1
1884,0,"b",4,15,1
4736,1,"b",4,6,1
4180,0,"w",4,5,0
1034,0,"b",4,8,1
3093,0,"w",3,13,1
3967,0,"w",3,9,1
183,0,"w",4,18,1
1268,0,"w",4,7,0
2969,0,"b",4,13,0
1272,0,"w",4,7,0
574,0,"b",4,26,0
27,0,"b",1,4,1
458,0,"w",4,19,1
3286,0,"b",3,4,1
4796,0,"b",4,8,1
4297,1,"w",4,10,1
1301,1,"w",2,16,1
1020,0,"b",4,14,1
1571,0,"b",3,26,1
2235,0,"b",4,10,1
1167,0,"w",3,1,1
4519,0,"b",3,16,1
1164,1,"w",4,9,1
317,0,"w",4,6,1
1040,0,"w",3,7,1
1791,0,"b",4,4,1
3155,0,"b",4,7,1
2059,0,"b",4,15,1
3989,0,"w",1,4,1
4844,1,"w",4,11,1
498,0,"b",4,8,1
932,0,"w",4,8,1
4055,0,"b",4,2,1
1686,0,"b",4,7,0
3150,0,"w",4,8,1
896,0,"b",4,4,1
2484,0,"w",2,19,0
2111,1,"w",4,10,1
179,0,"w",4,18,1
3804,0,"b",4,10,1
605,0,"b",3,6,1
1218,0,"b",3,6,1
3270,0,"b",4,12,1
1231,0,"w",4,7,1
380,0,"b",4,7,0
429,0,"w",4,2,1
2480,0,"b",3,13,1
394,0,"b",3,1,1
1754,0,"b",0,5,1
563,0,"b",4,10,1
3372,0,"b",4,5,1
4030,0,"b",4,4,0
2198,0,"b",3,4,1
3799,1,"w",3,21,1
1074,0,"b",3,6,1
970,0,"w",4,4,1
84,0,"b",4,3,1
2660,0,"w",2,19,0
1486,0,"b",4,8,0
3931,0,"w",3,7,1
96,1,"w",2,4,0
1194,0,"w",3,14,1
4315,0,"b",4,4,1
2700,0,"b",4,3,1
1857,0,"b",4,5,0
4561,0,"b",4,9,1
192,0,"w",4,18,1
1891,1,"b",4,7,1
2966,0,"w",4,7,0
1096,0,"w",4,7,1
4401,1,"w",4,8,1
2889,0,"w",4,1,1
3457,0,"b",4,6,1
1453,0,"b",4,4,1
4785,0,"w",4,6,1
4573,0,"b",4,14,1
70,0,"w",4,5,1
4158,0,"b",4,6,1
282,0,"w",4,7,0
3566,0,"b",4,6,1
2857,0,"b",4,5,0
3865,0,"w",4,8,0
3676,0,"b",4,4,1
432,0,"b",4,7,0
3658,0,"b",3,7,1
4327,0,"b",4,19,1
4302,0,"b",3,6,1
3029,0,"b",4,13,1
3076,0,"w",4,11,1
3376,0,"b",4,3,1
584,0,"w",4,7,0
3990,0,"b",3,6,1
4801,0,"b",4,8,1
2882,0,"b",4,23,1
2434,0,"w",4,7,0
3301,1,"b",4,5,1
164,0,"w",4,2,1
3850,0,"b",4,6,1
1064,0,"w",3,8,1
1946,0,"b",4,7,1
2455,0,"b",4,8,1
1612,0,"w",3,21,1
4398,0,"w",4,7,0
4600,0,"w",4,8,0
2896,1,"b",4,11,1
3222,0,"b",4,6,1
3140,0,"b",4,7,0
3875,0,"w",4,14,1
1372,0,"b",3,13,1
3702,1,"w",4,8,1
1811,0,"b",4,5,0
1761,0,"w",4,11,1
3295,0,"b",3,8,1
2545,0,"b",4,7,1
4502,0,"w",4,2,1
1973,0,"w",4,6,1
1938,1,"b",4,6,0
369,0,"b",4,6,1
468,0,"w",3,6,1
1400,0,"w",4,5,1
4279,0,"w",2,2,1
979,0,"w",3,5,1
2210,0,"b",3,2,1
4194,1,"w",2,7,0
1038,0,"b",4,8,1
2461,0,"b",4,6,1
1723,0,"w",4,3,1
1996,0,"b",4,6,1
3735,0,"w",4,8,1
3755,0,"w",4,5,0
3977,0,"w",2,3,0
2223,1,"b",3,1,1
1348,0,"b",3,14,1
2075,0,"b",4,6,1
1310,1,"b",4,8,1
1113,1,"w",4,6,1
3031,0,"w",3,4,1
4460,0,"w",4,10,1
2429,0,"w",4,5,1
4025,0,"w",4,5,1
3366,0,"w",1,4,1
4084,0,"b",2,3,1
41,0,"w",4,5,1
467,0,"b",4,7,1
4145,0,"w",4,7,0
398,0,"b",3,1,1
808,0,"b",4,10,1
2185,0,"b",4,6,1
2714,0,"b",4,6,1
2588,0,"w",4,8,1
2813,0,"w",4,22,1
2053,0,"w",4,4,1
4815,0,"w",4,8,1
3745,0,"w",2,5,0
3016,0,"w",4,8,0
951,0,"b",4,6,1
471,0,"w",4,11,1
2299,0,"b",4,2,1
4434,0,"w",3,15,1
4525,0,"w",3,3,1
4865,0,"b",3,26,1
2330,0,"w",2,5,1
2632,0,"w",4,6,0
4609,0,"b",4,26,0
2101,0,"b",4,11,1
2513,0,"w",4,6,1
4766,0,"b",4,8,1
